pot_num,train_epa_rmse,train_forces_rmse,val_epa_rmse,val_forces_rmse,train_time,steps,epochs,final_loss,losses,grad_norms,lrs
1,0.03285182463402542,1.065313855333783,0.05761823172150751,1.4816166488285931,292.3684845678508,1500,299,28.20549100844739,"[13504.01257231265, 13427.723519998077, 13559.252424090811, 13324.221526969277, 9088.329573162417, 13552.20207954562, 13572.059139632282, 13581.931350564213, 13474.239644971967, 8570.680108733868, 13339.615059483007, 13298.211705278869, 13746.637262851693, 13493.627033236107, 8720.156258790943, 13553.434441848398, 13324.05021833455, 13432.966710736782, 13564.587561329528, 8570.884317330476, 13615.490452054608, 13265.195440965557, 13506.267601035735, 13245.387632165446, 8661.186895413855, 13613.85947229103, 13404.479498797336, 13196.352285016783, 13329.02015451259, 8597.44754017386, 13279.00741653068, 13455.045485324663, 13267.207816277116, 13448.375104384566, 8538.891575889282, 13410.234707405696, 13414.258861430431, 13027.364939537229, 13240.323377934477, 8743.756859786496, 13281.378835804135, 13287.61649255959, 13477.331761605403, 13074.086296769328, 8562.811045696944, 13529.925039069576, 13275.653673256389, 12994.402642793508, 13233.213760677512, 8497.152326141268, 13248.29077787643, 13050.186931855496, 13342.180102556465, 13172.627927932488, 8563.555739823227, 13134.056747531276, 12838.355556297063, 13236.692027279956, 13264.651564381464, 8749.297436178316, 13133.659483639565, 13161.061105917786, 13205.52944029083, 12937.297818207679, 8631.963867113782, 13043.129302576428, 13440.98659814033, 12915.704883710589, 12879.738941001684, 8636.030474684307, 12976.834361650026, 12979.621812139814, 13134.32531455839, 12979.847150627651, 8690.651393482667, 13183.021664612399, 12807.931932324345, 12939.492569450467, 12911.229755792736, 8765.40072744779, 13070.495724845376, 13132.880799075498, 12888.970188919498, 12816.277626894329, 8544.246111702023, 13031.683447192492, 12823.899826538682, 12825.025123428924, 13102.109073441456, 8515.40258016961, 13301.046417757478, 12704.63692771962, 12727.978931385416, 12993.44155426983, 8416.314649667105, 13152.03914866172, 12997.77916735858, 12742.830608662485, 12678.78519414064, 8416.7004940861, 12854.778552982505, 12860.675985574304, 12885.767661392296, 12708.914495669289, 8521.787240825446, 12967.267771802248, 12689.099065037859, 12590.74779717427, 12981.475861951678, 8446.617367825096, 12625.355128977342, 12882.035681927246, 12701.997707539906, 12788.57047320761, 8519.664882883631, 12785.396036734575, 12737.873913064659, 12696.931225570701, 12703.096111871431, 8436.13042052993, 12605.069510051984, 13102.47814108374, 12689.724513245483, 12586.333435866354, 8216.832613565153, 12553.393414772489, 12833.274581324717, 12658.335759069254, 12904.005232024798, 8091.385869469864, 12949.799573707494, 12700.266615052275, 12486.914015307611, 12722.495839899988, 8020.553825550704, 12350.456989635406, 13046.07448066135, 12765.801415624452, 12400.339470462079, 8155.89261406283, 12516.305120984407, 12800.91299457026, 12703.96583838547, 12479.934912319237, 8055.813227538049, 12709.99509166162, 12483.783796435802, 12535.446850805356, 12523.750971418936, 8141.928628284108, 12555.526453936916, 12681.532638912562, 12435.325502852576, 12340.019729787748, 8220.34034878122, 12347.972003983552, 12462.642671403259, 12521.309788400511, 12410.37986386857, 8328.02014989489, 12412.548826316746, 12628.4397622435, 12119.86005909341, 12449.428981379833, 8298.055315827449, 12268.965600522806, 12685.736135567098, 12107.733381393444, 12494.509020585801, 8189.457172435005, 12314.558912212726, 12516.25961939927, 12436.521156809104, 12381.05058549062, 7936.375725681044, 12331.129045005358, 12165.085225122204, 12501.774466181441, 12440.900183852104, 7983.982954009801, 12352.418698862173, 11977.716886158521, 12188.144698828983, 12608.34646053334, 8134.271709947325, 12217.442066083739, 12350.949260953295, 12102.411060747498, 12157.958097268662, 8270.371513539982, 12471.375063293817, 12100.21016101298, 12294.89021142709, 12120.206368794774, 7950.657230963356, 12361.613859709221, 12265.623466617984, 12153.99939036094, 12220.589799014646, 7773.030213117025, 12048.449159072521, 12133.26998953895, 12333.598976005982, 12108.41452903725, 7987.562672103156, 12127.392614144175, 12114.169691216457, 12083.894595852373, 12110.156612533678, 8011.608870761758, 12298.764889575781, 11938.741974108132, 11895.703451398495, 12206.790927402582, 7942.179200946944, 11976.586462920714, 12019.364876259904, 12213.154151066601, 11876.052000743297, 8030.43190560081, 11995.978311636714, 12162.98891968538, 12002.602317986546, 11917.264758643516, 7869.254063947666, 11828.149218574059, 11949.070305172518, 11933.920402142217, 12252.85953491152, 7814.77804717576, 11845.205017798075, 11888.583784187203, 11988.903321457517, 11925.342906735028, 7960.393963431003, 11878.81132676614, 12060.809040628588, 11784.455392340558, 11882.897663697657, 7830.004747893296, 11698.876197096359, 12022.540517528942, 11780.089515548178, 12110.984668989371, 7651.379068954258, 11945.677583479146, 11783.964027351512, 12029.3304556576, 11612.1373714573, 7718.687137557305, 11786.125100735564, 11868.774170749717, 11816.006015529534, 11707.545518643989, 7735.6185844145175, 11855.417845360938, 11724.883828153037, 11852.297360776347, 11780.135932161178, 7524.664880453811, 11816.588052837575, 11698.059506217702, 11600.797444430233, 11723.682076172696, 7720.341161413721, 11550.780703992577, 11770.029710708493, 11779.153639314245, 11668.222027028643, 7612.780371939845, 11589.712543385704, 11603.94557541754, 11901.430733509858, 11536.445834190155, 7570.771751787174, 11719.634972684657, 11613.72757281513, 11424.730089900264, 11537.946263213938, 7727.446207870069, 11710.346959659102, 11402.272837339582, 11501.91182785787, 11740.651926096109, 7489.4376566509945, 11578.988737785065, 11664.976792735644, 11425.944621462517, 11539.65113523568, 7456.1926013593, 11471.291312302175, 11439.845158597676, 11670.417363976245, 11292.61326174438, 7611.916819216527, 11482.802966835854, 11304.102300107374, 11441.059026498737, 11628.692934323077, 7449.008567598246, 11535.284361001322, 11591.137377107169, 11489.434730712437, 11310.683994175346, 7198.204224130245, 11575.09478177204, 11291.47418014224, 11267.966935773915, 11337.844767411892, 7469.177672254211, 11285.161601836007, 11515.738796452848, 11369.96854681738, 11411.701590663415, 7174.910385855863, 11232.452767324916, 11383.815219658221, 11220.811928323554, 11405.418661487614, 7329.318172138888, 11329.062761217563, 11309.638696166094, 11157.218771926937, 11162.375828211332, 7427.13912277483, 11141.418046232395, 11362.41997206171, 11063.300025532119, 11161.060310402247, 7469.881418590883, 11237.237517407773, 11356.541314634405, 11201.148070823025, 11007.357987064299, 7208.500678904106, 11072.18563454585, 11098.925282194972, 11172.19156435335, 11016.633542105274, 7462.267036352607, 11010.263882394729, 11027.029252380891, 11007.875656507249, 11289.990990711276, 7298.765339294505, 10843.727427022182, 11261.533882935513, 10807.698923040942, 11277.296053715687, 7255.258267636553, 10730.61826012881, 11157.50794827261, 10915.004160005503, 11209.652087591092, 7243.806904997994, 10955.216388098523, 10978.236724797138, 10879.735739035259, 11215.291459993012, 7038.829659112685, 10867.50302498807, 10919.81446240397, 10884.414103256491, 10913.677419930593, 7290.840047540456, 10837.120009935717, 11022.29726088087, 10874.47288349733, 10925.113279709496, 7024.773905494681, 10758.09060275941, 10993.64200014884, 10726.951912600573, 10941.397400858265, 7068.293615939141, 11036.913938055837, 10604.711504789706, 10769.990368578428, 10935.326727927692, 6943.305974571391, 10586.27364899805, 10775.300530808934, 10981.063756978601, 10816.147080335279, 6929.3161398526645, 10731.56396352754, 10525.376005437129, 10734.395120195484, 10691.248260512042, 7199.6929810803595, 10786.039765310454, 10838.455853763326, 10742.100739241541, 10391.656920208468, 6915.526057025394, 10629.936964121935, 10544.4083755076, 10828.717636793093, 10575.692849450172, 6881.665097496339, 10562.212296580892, 10591.77147048482, 10672.27966224835, 10675.250431916735, 6742.725135965231, 10592.833050432537, 10487.302280856478, 10414.569653263949, 10558.976098127432, 6970.984019725066, 10416.524344064019, 10703.792709115349, 10442.058535061582, 10312.43202844854, 6927.955138522694, 10496.83734395026, 10513.851947086647, 10300.202206322858, 10303.735896816832, 6963.677296427372, 10653.84936551089, 10160.505954444521, 10155.774848815368, 10604.675821865672, 6777.290882588339, 10629.107772853886, 10215.592185827396, 10331.477804560689, 10280.08008039433, 6668.411093429337, 10315.943043250927, 10307.128632328895, 10246.974255128645, 10291.436203576828, 6733.531757278626, 10232.314153191626, 10075.780058599888, 10264.825775220263, 10183.988644274637, 6907.497278636112, 10109.75587070546, 10302.696536432371, 10213.397733110452, 10231.248893817388, 6577.443211895633, 10155.377327268783, 10177.982406634588, 10089.00131831757, 10013.5804323526, 6767.7363330759745, 10189.277287486875, 10043.829145127424, 10081.680808237787, 10063.59250260799, 6594.962361053995, 10114.23351548764, 9984.95132935833, 10090.92683184301, 10224.576523563313, 6328.375350729512, 9692.595574552206, 10118.501099460524, 10120.576852233495, 10008.676595643503, 6570.973878669524, 10047.148217529399, 10082.521973092951, 9825.031106352784, 9902.352304995242, 6423.433075349882, 9969.514558593874, 9844.406582522317, 9985.159689177859, 9832.897418662627, 6414.927160006928, 9985.785441431815, 9893.258264680575, 9686.33863438538, 9701.09906506993, 6544.426430060535, 9751.950619736363, 10045.19539433509, 9608.374451779458, 9869.856458520382, 6296.27111730684, 9898.558469009524, 9495.767695316703, 9865.086181589775, 9768.075609463851, 6300.35158551839, 9628.690288518048, 9802.849770390294, 9791.571125297294, 9543.287824062718, 6313.124178205373, 9561.163251191407, 9551.835280675325, 9610.997697504117, 9747.13542258986, 6354.414044875622, 9587.06191070615, 9588.740180471352, 9552.915114585792, 9460.317399905516, 6378.473716822632, 9595.931602872064, 9382.059698802292, 9517.292687869509, 9667.98832706806, 6141.063273862159, 9236.6060525836, 9419.995256545944, 9654.21838030584, 9514.383893368002, 6210.913134311799, 9422.140856664237, 9252.320213104656, 9526.002760336483, 9468.910668087245, 6095.329118663758, 9259.922822763712, 9432.201307379475, 9262.28526884218, 9358.310630726795, 6176.57729712866, 9222.41273208344, 9349.39537378533, 9217.776809024077, 9355.48965037084, 6065.983628162686, 9267.973319006585, 9247.715097687098, 9224.561677938389, 9197.094561871918, 5993.084522625718, 9223.694489220838, 9119.266843846492, 9380.981308428729, 8946.44352639329, 5976.816008318087, 9065.849803572606, 8949.0019066964, 9112.387972354305, 9105.223693337619, 6127.628504215054, 8963.20597165617, 9011.867953968414, 8924.63155968119, 9123.30493079853, 6048.121503186493, 9076.151004769301, 8975.874955724903, 8947.072918101803, 8844.613839935559, 5935.263697887327, 9152.421928773852, 8852.2818052324, 8960.442185902384, 8732.274393995633, 5784.130177621006, 8912.39240594135, 8845.050258468724, 8926.804912343972, 8819.484402172378, 5674.041986241637, 8854.587714515264, 8583.168446971087, 8846.462226881235, 8704.29427370336, 5877.964319188784, 8925.628240461854, 8587.361902742321, 8621.629145560231, 8750.085903679763, 5665.32936738784, 8587.533586650388, 8696.618192556518, 8654.091579219627, 8633.79818153971, 5652.817784842723, 8580.730810593453, 8422.820917423052, 8608.77207192427, 8662.999590782583, 5617.888290737596, 8496.730846102873, 8717.30569961478, 8618.914503157495, 8466.121782691953, 5258.446435425441, 8454.433931998383, 8548.0952357217, 8214.079840116257, 8522.082811451382, 5474.877087553865, 8437.438681670668, 8325.390026416748, 8389.880587148446, 8350.97337795185, 5362.682318190715, 8299.570207647172, 8209.121386916633, 8311.586438016668, 8385.789422431239, 5308.8176808092385, 7995.9673941662395, 8280.063238724053, 8201.70454004639, 8253.407478803205, 5428.2713894902645, 7979.73640233306, 8417.681281177343, 8059.958530663039, 8062.072925708033, 5284.859987987296, 8096.384685000486, 8198.355081367035, 8137.22200191728, 7874.8635337156875, 5139.892434760959, 7835.220490768576, 7901.1053367029, 7909.81619568489, 8140.204025289022, 5298.098691438717, 8038.159028116729, 8011.98949605396, 7861.608995232048, 7834.769485434726, 4980.229220464886, 7772.091651731395, 7885.676838371867, 7842.314635766929, 7726.771415089769, 5136.3544756997035, 7693.9025168775825, 7809.996812143084, 7745.282072041121, 7642.936054398452, 5109.245897200625, 7695.846655947213, 7510.695107488014, 7644.370592308452, 7641.883032845638, 5145.864558715089, 7517.426113797989, 7560.415694441103, 7541.6401902205, 7644.331908794639, 5012.061741411414, 7568.407220989213, 7438.774801598479, 7591.940584414291, 7430.936835843187, 4883.3726425448285, 7358.074296664301, 7402.950904922, 7519.638325915685, 7448.525187026106, 4820.095500235094, 7332.61161892, 7326.749348357345, 7296.537871828287, 7390.854381476989, 4837.974607264329, 7322.149574347356, 7427.231142688835, 7168.478033326733, 7162.137919164743, 4740.963946196236, 7212.233114279342, 7096.370831339083, 7132.922990268972, 7189.952154602752, 4821.2133282400555, 7150.350853455947, 7136.344517537116, 7052.664666416508, 7171.66305590322, 4575.375701429759, 6913.293468613083, 6915.333218410266, 7205.941275017023, 7068.5504264679685, 4612.0705355447935, 7179.03476624328, 6950.750603914841, 6878.785300218632, 6897.414985649434, 4440.943493935511, 6921.480652020602, 6900.264055829551, 6804.029374130823, 6857.307658599557, 4488.664251364525, 6956.772649477387, 6768.94793585542, 6774.812896106902, 6811.170688138229, 4285.469751762071, 6704.2897747793595, 6646.35002912297, 6726.924097806448, 6767.764404160648, 4371.039198418737, 6551.541625046754, 6669.585766511278, 6700.054612383375, 6551.935326188, 4362.527277292871, 6660.8425746897965, 6254.907007917917, 6687.911758855977, 6592.725058542948, 4255.3829697268, 6505.961867397073, 6497.066893258395, 6476.674514811814, 6373.534311130831, 4212.430490968343, 6469.2184259308315, 6356.971907272285, 6254.626814860785, 6349.67650931854, 4244.229211108191, 6344.385483718715, 6281.544482417059, 6199.02075557113, 6234.901120295203, 4220.626540894831, 6289.803232798895, 6286.448863513816, 6221.689098104019, 6023.13715143638, 4063.6460512533517, 6175.577514191359, 6158.816328861213, 6125.392620986248, 6050.902295889186, 3972.8986899365386, 6116.040847417123, 6085.660959307265, 6034.483511530518, 5927.882674134756, 3915.5726011900997, 5979.980702019122, 5933.516387793314, 5991.032185411099, 5941.004613959145, 3825.312017035917, 5938.603577462943, 5809.0270855671015, 5796.001186419645, 5937.877366695602, 3777.057645328748, 5876.164712535923, 5728.734121076147, 5712.200508476124, 5783.7531057838805, 3742.7515863380822, 5679.210170059507, 5651.679616328622, 5650.808183092286, 5747.99885099121, 3692.9889839485268, 5679.953567004857, 5550.8974990250235, 5588.695862922872, 5526.900244085384, 3653.6167592368906, 5574.1164314001335, 5486.41129826138, 5508.213425015982, 5486.7981502915345, 3517.504028833973, 5463.0164931837635, 5373.608516920391, 5249.119857664484, 5596.0492087821385, 3459.0732941483857, 5307.1785594839785, 5362.386785015468, 5286.776057637532, 5277.4296246429885, 3472.391898747437, 5190.561834027391, 5233.797399042909, 5139.39705763952, 5239.578266606181, 3462.1350843195232, 5058.83110338407, 5221.393370021962, 5078.807671335061, 5187.15725084432, 3277.5935758587957, 5123.255923240754, 5019.431904148486, 4926.804908573608, 5002.341089479203, 3305.96235027957, 5017.679713292246, 4987.408366873604, 4942.2821257281685, 4849.774155363648, 3130.904200585651, 4801.683495522968, 4889.169535996495, 4846.352377047521, 4845.779575080284, 3088.44320238661, 4818.117763546885, 4692.111767269676, 4804.451419534144, 4624.991686864128, 3074.4232030574576, 4746.330640315522, 4589.392065432046, 4735.753067317628, 4505.864098440189, 2975.956700570262, 4519.580820840804, 4539.664848159032, 4608.751679258807, 4518.03141469394, 2900.028412818629, 4499.693589631651, 4505.909603364251, 4406.203184709908, 4331.635967930909, 2876.0174209003444, 4288.094337898982, 4436.2431012925745, 4371.748607773604, 4243.016086116327, 2806.233075064322, 4317.774270345379, 4221.698573345359, 4196.319000884754, 4218.766450878591, 2716.8645394759124, 4139.818609576312, 4199.07290894853, 4019.4740720387244, 4093.9490606186464, 2740.425423838169, 4088.2161146873577, 3975.706959981491, 4123.990184107289, 3915.4750207237357, 2609.146859313515, 3905.125326950446, 4028.178952261854, 3859.835173428748, 3886.142138011953, 2549.828822053438, 3794.6217086648057, 3896.5104997034105, 3783.1787574742, 3817.747319317922, 2450.86741826209, 3790.89635351573, 3682.248762962036, 3709.0333229365706, 3650.8229316913475, 2421.566037608197, 3578.3030545686556, 3684.0974281457106, 3588.1885320335577, 3546.6979739730637, 2366.0750770205345, 3493.497852650556, 3529.258733301669, 3469.0064755945677, 3464.530768926285, 2315.132843588842, 3476.262859017892, 3420.208790835541, 3387.8556917241867, 3343.4378822929034, 2153.6886393484174, 3328.143017737362, 3274.000234983845, 3295.245619322403, 3242.6722141787777, 2144.2398549655345, 3181.720604238494, 3179.695261250854, 3213.555434737178, 3147.8612011128844, 2065.9154177809987, 3169.5199482700937, 3031.263883146552, 3074.9423674977493, 3022.7769765435837, 1996.3950821050803, 2995.010145677872, 2977.347764148734, 2960.610600616219, 2918.881566730147, 1944.079685819532, 2882.6599706585757, 2832.818373635961, 2913.0536986940706, 2812.9228625020573, 1860.2261225676186, 2781.3344828478675, 2776.6137959356643, 2761.5111529729134, 2696.2541007702766, 1790.1109440356474, 2690.3974505886426, 2698.1371255187296, 2619.7863726002397, 2600.7708455026773, 1702.7616797170238, 2571.3392421380076, 2538.4708455187542, 2529.450051002533, 2521.7288324374595, 1657.1980478545408, 2463.590046363098, 2440.5057665389127, 2448.0656435885353, 2381.3273028925396, 1592.5206199088548, 2355.1446229942817, 2335.7101592537865, 2328.441816622241, 2305.9277363735355, 1512.6022757978108, 2219.6291342238737, 2278.174125944507, 2222.0781218629286, 2201.033677167241, 1431.6877932463203, 2125.964002158764, 2130.805349938385, 2134.808841183241, 2112.87076662192, 1363.9232004878336, 2071.585906109698, 2002.6721397819022, 2017.4740233723735, 1980.7915654002943, 1318.0118571281025, 1947.3740787598956, 1955.5755906757934, 1876.1379165077433, 1913.453893072545, 1222.6038342117452, 1834.661902323288, 1799.277652846489, 1823.1770659550925, 1827.9520983708778, 1158.8287002684685, 1736.8100287598645, 1728.6966131533388, 1691.855810917184, 1707.5662925883173, 1113.421821063497, 1654.897554278443, 1641.1491579926285, 1575.9361596444287, 1617.7291796343923, 1032.5018429365637, 1578.9679195311771, 1536.591120826575, 1482.0863550203694, 1497.4215732719952, 973.2853808785044, 1449.5421946179617, 1462.9722396910831, 1430.603891068726, 1393.404080315875, 886.1634283359786, 1375.534281030238, 1348.937560646272, 1305.2437639814907, 1312.6521138675673, 844.658829340805, 1280.554159745243, 1248.2260995048214, 1217.7830097636233, 1216.5512135311826, 796.3846860137351, 1164.3675229561627, 1177.9867430083825, 1139.0664573083195, 1121.170301871078, 737.415481594004, 1106.8810388596041, 1090.3650292941597, 1045.041212119439, 1028.4794735454027, 664.0023457560159, 982.9753735088041, 994.1537464162227, 994.6395207052035, 935.2528965063299, 630.3849451814806, 933.9970599900462, 906.6751442518996, 897.2259714802713, 867.6858481473005, 547.4839404444003, 831.8880652748658, 829.6691305228907, 806.4645418699035, 800.9223690262893, 512.1825422098458, 747.7777433702776, 739.7092370657089, 742.0552942885412, 717.7173157724644, 477.0544420281009, 688.8868683591396, 676.2128480251382, 670.0544782954172, 643.9742222262036, 403.87386935409023, 626.6099135012591, 590.9427069926547, 600.920985863751, 583.1926335168229, 354.41505115602143, 551.6127996550902, 542.9113301649579, 516.0546915159207, 514.2393305970818, 323.341229856846, 497.0792377898923, 463.07248189097635, 453.52141090330116, 451.57336961332055, 291.613673105341, 426.4084163007675, 390.4690036218697, 420.62647111326106, 380.61522414862725, 265.83355670410333, 348.90897685526323, 372.12719729552526, 368.2160072259367, 330.6734008191073, 211.60789910099183, 320.05693892270347, 311.1261304126798, 309.3042005058121, 283.1404305219762, 178.0647019717759, 272.0309995707178, 239.9094473644483, 267.0968401785406, 263.3656332143913, 150.5230733392878, 230.81524275154487, 218.95916843606926, 225.15422274822404, 199.34068036468585, 134.07697278738877, 202.86937432497356, 178.9175241596613, 182.1930434754498, 178.92889048731786, 104.82118069622666, 169.9196405509365, 157.8051869217548, 150.498940892024, 140.35659581731474, 94.4030047941292, 147.6770609934611, 136.76119965805265, 119.77767468196721, 125.43206790766499, 74.37552853248076, 118.96023025306081, 105.26200758230009, 116.89595046857089, 107.7558923064776, 75.13648908112712, 95.857808965312, 105.72302302938272, 106.5693711142652, 100.01414609006827, 64.5632864717044, 86.18157790360188, 93.88278383808783, 97.53090866271054, 105.26143873323475, 64.8668373030628, 97.97342870035945, 97.90602658141304, 98.94604984344461, 96.21307296792382, 60.57174148780124, 93.41600469098309, 103.27465515075507, 99.34751018897725, 100.04427960430375, 68.53330611880656, 96.49677728222609, 103.21520793814855, 103.31489136177265, 94.46496838287356, 73.13988844110007, 97.00825707733638, 102.62953707478489, 92.9159986821213, 90.70725341141812, 63.25675690948229, 91.57685673317714, 91.9205872394554, 85.80125307438898, 86.00162164452081, 64.41758428973355, 88.83510991798065, 82.7768183598078, 89.9277565565242, 92.44592740908931, 57.25392687671725, 84.30834835220466, 90.53181840823324, 87.16906606636381, 93.72890971609958, 51.41560681079195, 81.17825004618034, 87.67076889645635, 90.63323305829938, 78.2429829118864, 58.1719768327586, 91.99770971765358, 86.92071110901453, 78.28399556200436, 76.98416433975515, 52.77233068250297, 75.6312181326747, 86.70015091610215, 85.74260168279778, 77.90587050204925, 53.62119266541147, 82.64675408414453, 75.21100625842938, 74.91631231907839, 82.41868608681607, 57.573642232126495, 78.09065136949263, 70.75113549892856, 80.0173756520505, 85.33805047487084, 50.49809250535137, 72.99291847442589, 76.74768800432815, 77.99464481665612, 75.29320778624746, 54.45821288791082, 74.48299380297254, 75.37587852552423, 80.67750932225232, 75.8872414113313, 44.255970283093085, 74.31208453056013, 66.05918585010673, 74.81450493806616, 71.37676411708631, 57.565598920446966, 67.47443052351421, 79.83748287288024, 71.12182202753355, 68.99138264939941, 50.417463084528144, 71.55576653567168, 74.98672841149644, 63.55142191611405, 78.86149119338707, 42.831249144366424, 71.73073012698397, 71.1782557534259, 69.70113265598064, 66.93194688692802, 46.18954947585237, 60.16277457918322, 78.44821762143937, 59.22741668582621, 81.76381898913246, 40.40925396825011, 69.65733150055063, 77.50189117848346, 63.11882063743069, 67.41291311335081, 36.786913108653195, 64.43041205557483, 63.1588906351628, 65.99590416944265, 62.034447691070916, 53.590706390357916, 58.244153564358854, 69.4226774694397, 64.79728076177528, 66.22801724101096, 45.5784142369184, 66.00230715754503, 65.40391892353993, 55.32764117165475, 72.36834929253322, 40.23960015980714, 66.2381561413327, 65.52787595831298, 64.47581711120493, 67.48807174641847, 30.874685164326866, 60.80471250106636, 65.79529709753047, 61.42874016121637, 63.279557146217904, 38.764865037180186, 59.362948222787104, 55.27732906762016, 64.10752329678662, 56.45512905420051, 50.695745858168365, 50.584275457211334, 60.311601203915, 79.17634543902413, 53.56430936558485, 38.20836158443604, 61.41011204932013, 57.85347195469531, 57.98863405178924, 63.98984967342754, 36.771470074913815, 47.117596948088774, 58.269161019113525, 56.77243137922721, 66.78676380357332, 45.338573913572006, 55.42860210255709, 61.242456161384, 62.981731089385036, 52.23464560901377, 38.909843590422646, 56.556008545224245, 58.82963152663361, 47.91913935584901, 60.554914727015486, 43.612908223305375, 61.526501808251304, 48.12941357064078, 60.05311084435179, 53.875097176531405, 40.79490880636113, 49.790852990581385, 62.92467983976949, 64.84268030937069, 44.73308635155232, 39.06432089113581, 52.100269778420426, 58.300958708309196, 47.652943037716014, 54.83533439113508, 45.72183198875325, 55.94628207388119, 53.19209176802178, 53.85676336767635, 56.556561381223894, 36.213960956822085, 54.33031541580684, 53.03261169682411, 59.904399511756964, 52.16537730561456, 33.85973317209196, 46.66685119060958, 55.711000746487166, 45.73859063310244, 60.887096292679324, 41.7686706452446, 55.63737593578187, 57.38851880072322, 48.258901943245945, 53.4572723540716, 33.71353218348711, 45.918936014440696, 54.46032265131579, 62.02204855772979, 46.932898522591074, 36.94745410543296, 41.917847134139485, 53.50119099970906, 44.13505060938886, 61.37205368156005, 43.32724038848213, 52.63920785079973, 55.82736679922566, 44.26702133141466, 48.384472425610404, 41.1761980988561, 50.458682786321, 57.195451009865906, 54.61739912684853, 50.815827577003134, 27.35136283941958, 55.23146140324021, 54.07158575938514, 49.30397203077224, 43.12383890899673, 37.01205932942387, 46.86300291296286, 65.10008219592824, 53.112371135042494, 46.643611741801934, 25.48182888343856, 48.39836549270443, 53.40861668850617, 48.989248155210724, 47.405934709432415, 37.418202291739895, 41.72173860001976, 49.448088618772466, 54.603397487226516, 58.611178022812105, 29.95636198856416, 56.25886349961284, 46.82652602941226, 50.29424251067853, 54.36467821491936, 25.230802850437257, 58.239907598858295, 45.255112449689385, 45.68576789528142, 49.13869308043029, 33.44922791257431, 42.31101342246828, 50.20236204448406, 47.391411334493, 53.59432690794791, 37.055151245694304, 45.5119331655038, 46.602909798765005, 56.98204930868777, 44.32643238540458, 36.20194335942548, 39.86673667303875, 45.51091742788655, 58.72490957031286, 49.722262186255, 34.74510043268919, 48.43264907274659, 47.72823908344305, 42.53390387862123, 55.147076923083155, 33.97539638189456, 44.28361406252411, 41.03470959865758, 50.15293492270566, 52.415724707125854, 38.872312878576615, 53.74458262597468, 51.484633922125475, 47.02081365822473, 48.33549724483904, 25.387496231138805, 47.79747089049574, 44.5810359573071, 44.37691907528536, 56.412025850441154, 31.881761853083184, 45.98442851773318, 48.51568131133835, 48.08567696957556, 47.861909962548935, 33.60160497695319, 42.75208639340208, 39.586605457573306, 60.34502884289786, 48.5014698286251, 31.965317577139995, 51.73989507863417, 38.54229098534444, 56.42142822638474, 48.130688400688584, 27.449142157993965, 42.075565142861706, 52.530727337843935, 47.43900622209211, 49.06365086262463, 30.29828744407294, 53.39511044332604, 50.065930820022196, 42.2869585781107, 43.108211821686936, 31.81693603662188, 36.517820078315836, 50.301666052290074, 51.44320772151039, 43.41681143650002, 38.05215636529911, 37.900801216578, 42.40727584455276, 49.307157333062655, 46.821832109827994, 42.4766507469527, 44.38145279176601, 46.031411766684066, 45.17089800027114, 49.576244320174766, 33.05037683611131, 53.31805576414311, 39.21373951797355, 43.01170342322344, 53.752054161740574, 28.166017731793254, 46.79348517461203, 39.363615599399225, 54.750903104609144, 43.762554353121956, 31.994289174059837, 48.709360955283294, 38.11349843853541, 48.9027490348828, 50.12625458228906, 30.007706754421488, 53.80050498086067, 47.05920653585502, 43.50961376971023, 38.01201739508418, 32.71822865000703, 43.77464113242213, 40.001814805827706, 42.677561235387415, 53.61866567993552, 34.279405725199304, 48.681640074279976, 45.80687770551432, 50.488985030484315, 34.8017878750241, 33.86607955542692, 42.972914376589976, 40.936822778542826, 46.32903265383207, 43.765172028128, 38.8109666368047, 48.89902995004183, 44.74013501870067, 48.48257226789808, 38.927571916977264, 31.160687851830183, 48.847945621071574, 38.31044434108472, 49.3245333350835, 50.9664617553568, 24.086165312019453, 37.87438914681335, 53.58938439741882, 43.093657363487296, 44.37256360585043, 32.015626771445916, 44.11509766973795, 47.557136010845795, 49.51501820964067, 43.075417397404976, 25.868040877182153, 47.49929213624533, 47.62184507702001, 46.00691939358633, 40.655147875606836, 27.79753634918659, 40.875362252985894, 45.741931110011485, 39.056167576684025, 51.706902447491004, 31.400367582268515, 43.48866590997266, 36.93188748604393, 45.98977827382518, 56.49386542026972, 25.215340978135604, 53.0092657671523, 46.78863923340022, 42.064025317585504, 35.665621754731845, 29.986446550696193, 47.16209069820501, 43.13378801274831, 46.77230359346181, 43.669180499757935, 26.2142228437829, 47.081794284056976, 53.878533647360406, 34.63378135090996, 43.206717414564096, 27.477776522446387, 42.2889927865101, 37.98963947607539, 48.77163208725584, 41.12819396679562, 35.53273238242786, 36.11845549221408, 46.033829932455994, 38.72059440782826, 56.04470997492605, 28.20549100844739]","[1.0, 0.9999999999999999, 1.0, 1.0, 1.0, 1.0, 1.0, 0.9999999999999999, 1.0, 1.0, 0.9999999999999999, 1.0, 0.9999999999999998, 1.0, 1.0, 1.0, 1.0, 1.0, 1.0, 1.0000000000000002, 1.0, 1.0, 1.0, 1.0, 1.0, 1.0, 0.9999999999999999, 1.0, 1.0000000000000002, 1.0, 1.0, 0.9999999999999999, 1.0, 1.0000000000000002, 1.0000000000000002, 1.0, 0.9999999999999999, 1.0, 0.9999999999999999, 1.0, 0.9999999999999999, 1.0, 1.0, 1.0, 1.0, 1.0, 1.0, 0.9999999999999999, 1.0, 0.9999999999999999, 0.9999999999999999, 1.0, 0.9999999999999999, 1.0, 0.9999999999999999, 1.0, 0.9999999999999999, 0.9999999999999999, 0.9999999999999998, 1.0, 0.9999999999999999, 0.9999999999999999, 1.0, 1.0, 1.0, 1.0, 1.0, 1.0, 1.0, 1.0, 1.0, 1.0, 1.0, 1.0, 1.0, 0.9999999999999999, 1.0, 0.9999999999999999, 0.9999999999999998, 0.9999999999999999, 0.9999999999999999, 1.0, 1.0, 0.9999999999999999, 1.0, 1.0, 1.0, 1.0000000000000002, 1.0, 0.9999999999999999, 1.0, 0.9999999999999999, 1.0, 0.9999999999999999, 1.0, 1.0, 1.0, 0.9999999999999999, 0.9999999999999999, 1.0, 1.0, 1.0, 1.0, 1.0, 1.0, 0.9999999999999999, 1.0, 1.0, 1.0, 0.9999999999999999, 0.9999999999999998, 0.9999999999999998, 1.0, 1.0, 0.9999999999999999, 0.9999999999999999, 0.9999999999999999, 1.0, 1.0, 1.0000000000000002, 0.9999999999999999, 0.9999999999999999, 1.0, 1.0, 1.0, 1.0, 1.0, 1.0, 1.0, 1.0, 0.9999999999999999, 1.0, 1.0, 0.9999999999999999, 1.0, 1.0, 0.9999999999999998, 1.0, 1.0, 0.9999999999999999, 1.0, 1.0, 0.9999999999999999, 1.0, 1.0, 0.9999999999999999, 1.0, 0.9999999999999999, 1.0000000000000002, 1.0, 1.0, 1.0, 0.9999999999999999, 1.0, 1.0, 1.0, 0.9999999999999999, 1.0, 0.9999999999999999, 0.9999999999999999, 1.0, 1.0, 0.9999999999999999, 0.9999999999999999, 1.0, 0.9999999999999999, 1.0, 1.0, 1.0, 1.0, 1.0, 1.0, 1.0, 1.0, 1.0, 1.0, 1.0000000000000002, 0.9999999999999999, 1.0, 1.0, 1.0, 1.0, 0.9999999999999999, 1.0, 1.0, 1.0, 1.0, 1.0, 0.9999999999999999, 1.0, 1.0, 1.0, 1.0, 0.9999999999999999, 1.0, 1.0, 0.9999999999999999, 0.9999999999999999, 1.0, 1.0, 1.0000000000000002, 0.9999999999999999, 1.0, 1.0, 1.0, 1.0, 1.0, 0.9999999999999999, 0.9999999999999998, 1.0, 1.0, 1.0, 1.0, 0.9999999999999998, 0.9999999999999999, 0.9999999999999999, 1.0, 0.9999999999999999, 1.0, 0.9999999999999999, 1.0, 1.0, 1.0, 0.9999999999999999, 0.9999999999999998, 0.9999999999999999, 1.0, 1.0, 1.0, 1.0, 1.0, 1.0, 1.0, 1.0, 1.0, 0.9999999999999999, 1.0, 1.0, 1.0, 1.0, 0.9999999999999999, 1.0, 1.0, 1.0, 0.9999999999999999, 1.0, 0.9999999999999999, 0.9999999999999999, 0.9999999999999999, 1.0, 1.0, 0.9999999999999999, 1.0, 1.0, 0.9999999999999999, 1.0, 1.0, 1.0, 0.9999999999999999, 1.0, 1.0000000000000002, 1.0, 1.0, 0.9999999999999999, 0.9999999999999999, 1.0, 0.9999999999999999, 1.0, 1.0, 0.9999999999999999, 0.9999999999999999, 1.0, 0.9999999999999999, 0.9999999999999998, 1.0, 1.0, 1.0, 1.0, 1.0, 0.9999999999999999, 0.9999999999999998, 1.0, 1.0, 1.0, 1.0, 1.0000000000000002, 1.0, 0.9999999999999999, 1.0, 1.0, 1.0, 1.0, 1.0, 1.0, 1.0, 1.0, 1.0, 1.0, 1.0, 0.9999999999999999, 1.0, 1.0, 0.9999999999999999, 1.0, 1.0, 0.9999999999999999, 1.0, 1.0, 1.0, 0.9999999999999999, 1.0, 0.9999999999999999, 1.0, 1.0, 1.0, 1.0, 1.0, 1.0, 0.9999999999999999, 0.9999999999999999, 1.0, 1.0, 1.0, 0.9999999999999999, 1.0, 1.0, 1.0, 1.0, 1.0, 0.9999999999999998, 0.9999999999999999, 0.9999999999999999, 0.9999999999999999, 1.0, 1.0, 0.9999999999999999, 1.0, 0.9999999999999999, 1.0, 0.9999999999999999, 0.9999999999999998, 1.0, 1.0, 0.9999999999999999, 1.0, 1.0, 0.9999999999999999, 1.0, 0.9999999999999999, 1.0, 0.9999999999999999, 1.0, 0.9999999999999999, 0.9999999999999999, 1.0, 0.9999999999999998, 0.9999999999999998, 1.0, 1.0, 0.9999999999999999, 1.0, 0.9999999999999999, 1.0, 0.9999999999999999, 0.9999999999999999, 1.0, 1.0, 0.9999999999999998, 1.0, 1.0, 0.9999999999999999, 1.0000000000000002, 0.9999999999999999, 1.0, 0.9999999999999999, 0.9999999999999998, 0.9999999999999999, 1.0000000000000002, 1.0, 1.0000000000000002, 1.0000000000000002, 1.0, 1.0000000000000002, 1.0, 1.0, 1.0, 0.9999999999999999, 1.0, 0.9999999999999999, 1.0, 1.0, 1.0, 0.9999999999999999, 1.0, 1.0, 0.9999999999999999, 0.9999999999999999, 1.0, 1.0, 0.9999999999999999, 1.0, 1.0, 0.9999999999999999, 1.0, 1.0, 0.9999999999999999, 1.0, 0.9999999999999998, 1.0, 0.9999999999999999, 1.0, 1.0, 0.9999999999999998, 1.0, 1.0, 0.9999999999999999, 1.0, 1.0, 1.0, 1.0, 0.9999999999999999, 0.9999999999999999, 1.0, 1.0, 1.0, 1.0, 1.0, 1.0, 1.0, 1.0, 0.9999999999999998, 1.0, 1.0, 0.9999999999999998, 0.9999999999999999, 1.0, 1.0, 1.0, 1.0, 1.0, 1.0, 0.9999999999999999, 1.0, 1.0, 0.9999999999999999, 0.9999999999999999, 0.9999999999999999, 1.0, 1.0, 0.9999999999999999, 1.0, 1.0, 0.9999999999999999, 0.9999999999999999, 1.0, 1.0, 1.0, 1.0, 1.0, 0.9999999999999999, 0.9999999999999999, 1.0, 1.0, 1.0, 0.9999999999999999, 0.9999999999999999, 0.9999999999999999, 0.9999999999999999, 1.0, 1.0000000000000002, 0.9999999999999999, 1.0, 1.0, 1.0, 1.0, 1.0, 1.0, 0.9999999999999999, 0.9999999999999999, 1.0, 0.9999999999999999, 1.0, 0.9999999999999999, 1.0, 1.0, 0.9999999999999999, 1.0, 1.0, 1.0, 1.0, 0.9999999999999999, 1.0, 1.0, 1.0000000000000002, 1.0, 1.0000000000000002, 1.0, 0.9999999999999998, 1.0, 1.0, 1.0, 1.0, 0.9999999999999999, 0.9999999999999999, 0.9999999999999999, 1.0, 1.0, 1.0000000000000002, 0.9999999999999999, 0.9999999999999999, 1.0, 0.9999999999999999, 0.9999999999999999, 1.0, 0.9999999999999998, 0.9999999999999999, 1.0000000000000002, 1.0, 1.0, 0.9999999999999999, 0.9999999999999999, 1.0000000000000002, 0.9999999999999999, 0.9999999999999999, 1.0, 1.0, 1.0, 1.0, 1.0, 1.0, 1.0, 0.9999999999999999, 1.0, 1.0, 0.9999999999999999, 1.0, 0.9999999999999998, 1.0, 1.0, 1.0, 1.0, 1.0, 1.0, 0.9999999999999999, 1.0, 0.9999999999999999, 0.9999999999999999, 1.0000000000000002, 1.0, 1.0000000000000002, 1.0, 0.9999999999999999, 0.9999999999999999, 1.0, 1.0, 1.0, 1.0, 0.9999999999999999, 1.0000000000000002, 1.0, 1.0, 1.0, 1.0, 1.0, 1.0, 0.9999999999999998, 0.9999999999999999, 0.9999999999999999, 1.0, 1.0000000000000002, 1.0, 0.9999999999999998, 1.0, 1.0, 1.0, 1.0, 0.9999999999999999, 1.0, 1.0, 1.0, 1.0000000000000002, 1.0, 1.0, 1.0, 1.0, 1.0, 1.0, 1.0, 1.0, 1.0, 1.0, 0.9999999999999999, 1.0, 1.0, 0.9999999999999999, 0.9999999999999999, 1.0, 1.0, 0.9999999999999998, 0.9999999999999999, 1.0, 1.0, 1.0, 1.0, 0.9999999999999999, 0.9999999999999999, 0.9999999999999999, 0.9999999999999999, 1.0, 1.0, 1.0, 1.0, 0.9999999999999999, 0.9999999999999999, 1.0, 1.0000000000000002, 1.0, 1.0, 1.0000000000000002, 1.0, 1.0, 0.9999999999999999, 1.0, 1.0, 0.9999999999999999, 1.0, 1.0, 1.0, 1.0, 1.0, 0.9999999999999999, 0.9999999999999999, 1.0, 1.0, 0.9999999999999998, 0.9999999999999999, 1.0, 1.0, 1.0, 1.0, 0.9999999999999999, 0.9999999999999998, 1.0, 0.9999999999999999, 1.0, 0.9999999999999999, 1.0, 1.0, 0.9999999999999999, 0.9999999999999999, 1.0, 1.0, 0.9999999999999999, 1.0, 1.0000000000000002, 0.9999999999999999, 1.0, 0.9999999999999999, 1.0, 1.0, 1.0, 1.0, 1.0, 1.0, 0.9999999999999999, 0.9999999999999999, 1.0, 0.9999999999999999, 0.9999999999999999, 0.9999999999999999, 1.0, 1.0, 0.9999999999999999, 1.0000000000000002, 0.9999999999999999, 0.9999999999999999, 1.0, 1.0, 1.0, 1.0000000000000002, 1.0, 0.9999999999999999, 1.0, 1.0, 1.0, 0.9999999999999999, 0.9999999999999999, 1.0, 0.9999999999999998, 1.0, 0.9999999999999999, 0.9999999999999999, 1.0000000000000002, 0.9999999999999999, 1.0, 1.0, 1.0, 1.0, 0.9999999999999999, 1.0, 0.9999999999999999, 1.0, 1.0000000000000002, 1.0, 1.0, 1.0, 1.0, 1.0, 1.0, 0.9999999999999999, 1.0, 0.9999999999999999, 1.0000000000000002, 1.0, 1.0000000000000002, 1.0, 1.0, 1.0, 1.0, 1.0, 1.0, 1.0, 1.0, 1.0, 1.0, 1.0, 1.0, 1.0, 1.0, 0.9999999999999999, 1.0, 1.0, 1.0, 0.9999999999999999, 0.9999999999999998, 1.0, 1.0000000000000002, 0.9999999999999999, 1.0, 1.0, 1.0000000000000002, 1.0, 1.0, 0.9999999999999999, 0.9999999999999999, 1.0, 0.9999999999999999, 0.9999999999999999, 1.0, 1.0, 0.9999999999999998, 1.0, 1.0, 0.9999999999999999, 1.0, 0.9999999999999999, 0.9999999999999998, 1.0, 1.0, 1.0, 1.0, 1.0, 1.0, 1.0, 0.9999999999999999, 1.0, 1.0, 0.9999999999999999, 0.9999999999999999, 1.0, 1.0, 1.0, 1.0, 1.0, 1.0, 0.9999999999999999, 0.9999999999999999, 0.9999999999999999, 1.0, 0.9999999999999999, 0.9999999999999999, 0.9999999999999998, 1.0, 1.0, 0.9999999999999999, 0.9999999999999999, 1.0, 1.0, 0.9999999999999999, 1.0000000000000002, 0.9999999999999999, 1.0, 1.0, 1.0, 0.9999999999999999, 1.0, 0.9999999999999999, 1.0, 0.9999999999999999, 0.9999999999999999, 0.9999999999999999, 1.0, 1.0, 1.0, 1.0, 1.0, 0.9999999999999999, 1.0, 1.0, 1.0, 1.0, 1.0, 1.0, 0.9999999999999999, 1.0, 1.0, 1.0, 0.9999999999999999, 1.0, 1.0, 1.0, 0.9999999999999999, 1.0, 1.0, 1.0, 1.0000000000000002, 0.9999999999999999, 1.0, 1.0, 1.0, 1.0, 0.9999999999999999, 1.0, 1.0, 0.9999999999999999, 1.0, 1.0, 1.0, 1.0, 0.9999999999999998, 0.9999999999999999, 0.9999999999999999, 0.9999999999999998, 1.0, 1.0, 1.0, 1.0, 1.0, 1.0, 1.0, 0.9999999999999999, 1.0, 0.9999999999999999, 1.0, 1.0, 1.0, 1.0, 0.9999999999999999, 0.9999999999999998, 0.9999999999999999, 0.9999999999999999, 0.9999999999999999, 1.0, 1.0, 0.9999999999999999, 1.0, 1.0, 1.0, 0.9999999999999999, 1.0, 0.9999999999999998, 1.0, 1.0, 0.9999999999999999, 1.0, 1.0, 1.0, 0.9999999999999999, 1.0, 0.9999999999999999, 0.9999999999999999, 1.0, 1.0, 1.0, 1.0, 1.0, 1.0, 1.0, 1.0, 0.9999999999999999, 0.9999999999999999, 0.9999999999999999, 1.0, 1.0, 1.0, 0.9999999999999999, 1.0, 1.0, 0.9999999999999999, 0.9999999999999999, 1.0, 0.9999999999999999, 1.0, 1.0, 1.0, 0.9999999999999999, 1.0, 1.0, 0.9999999999999999, 1.0, 0.9999999999999999, 0.9999999999999999, 1.0, 1.0, 1.0, 1.0, 0.9999999999999999, 0.9999999999999999, 1.0, 1.0, 0.9999999999999999, 0.9999999999999999, 0.9999999999999998, 1.0, 1.0, 1.0, 0.9999999999999999, 1.0, 0.9999999999999998, 1.0, 1.0, 1.0, 0.9999999999999999, 0.9999999999999999, 0.9999999999999999, 0.9999999999999999, 0.9999999999999999, 1.0, 1.0, 1.0, 1.0, 1.0, 1.0, 1.0, 1.0, 1.0, 0.9999999999999999, 1.0, 0.9999999999999999, 0.9999999999999998, 1.0000000000000002, 1.0, 1.0, 1.0, 1.0, 1.0, 1.0, 1.0, 1.0, 0.9999999999999999, 1.0, 1.0, 0.9999999999999999, 0.9999999999999999, 1.0, 1.0, 0.9999999999999999, 0.9999999999999999, 1.0, 0.9999999999999999, 1.0, 1.0, 1.0, 0.9999999999999999, 1.0, 0.9999999999999999, 1.0000000000000002, 0.9999999999999998, 1.0, 1.0, 1.0, 1.0, 0.9999999999999998, 0.9999999999999999, 1.0, 0.9999999999999999, 1.0, 1.0, 1.0000000000000002, 0.9999999999999999, 0.9999999999999999, 0.9999999999999999, 0.9999999999999999, 1.0, 0.9999999999999999, 1.0, 0.9999999999999999, 0.9999999999999999, 0.9999999999999999, 0.9999999999999999, 1.0, 1.0, 1.0, 0.9999999999999999, 0.9999999999999999, 0.9999999999999999, 1.0, 1.0, 1.0, 1.0, 0.9999999999999999, 0.9999999999999999, 1.0, 0.9999999999999999, 1.0, 0.9999999999999999, 1.0, 0.9999999999999998, 0.9999999999999999, 1.0, 1.0, 1.0000000000000002, 1.0, 0.9999999999999999, 1.0000000000000002, 1.0, 1.0, 1.0, 1.0, 1.0, 1.0, 1.0, 0.9999999999999999, 0.9999999999999999, 0.9999999999999999, 0.9999999999999999, 1.0, 1.0, 0.9999999999999999, 1.0, 1.0, 0.9999999999999999, 1.0, 1.0, 1.0, 1.0, 0.9999999999999999, 1.0, 1.0, 1.0, 1.0, 0.9999999999999999, 1.0, 1.0, 0.9999999999999999, 1.0, 1.0, 1.0, 1.0, 1.0, 1.0, 1.0000000000000002, 1.0, 1.0, 0.9999999999999999, 0.9999999999999999, 0.9999999999999999, 1.0, 0.9999999999999999, 1.0, 0.9999999999999999, 1.0, 1.0, 1.0000000000000002, 1.0, 0.9999999999999999, 1.0, 1.0000000000000002, 0.9999999999999999, 0.9999999999999999, 1.0, 1.0, 0.9999999999999999, 1.0, 1.0, 1.0, 1.0, 1.0, 0.9999999999999999, 0.9999999999999999, 1.0, 0.9999999999999999, 0.9999999999999999, 1.0, 0.9999999999999999, 1.0, 1.0, 1.0, 1.0, 1.0, 0.9999999999999999, 1.0, 1.0, 1.0, 1.0, 1.0, 0.9999999999999999, 1.0, 0.9999999999999999, 1.0, 0.9999999999999999, 1.0, 1.0, 1.0, 1.0, 1.0, 1.0, 0.9999999999999999, 1.0, 1.0, 1.0, 1.0, 0.9999999999999999, 0.9999999999999998, 1.0, 0.9999999999999999, 1.0, 0.9999999999999998, 1.0, 1.0, 1.0, 0.9999999999999999, 1.0, 1.0000000000000002, 1.0, 1.0, 1.0, 1.0, 1.0, 1.0, 0.9999999999999999, 1.0, 0.9999999999999999, 1.0, 0.9999999999999999, 1.0, 0.9999999999999999, 1.0, 0.9999999999999998, 1.0, 0.9999999999999999, 1.0, 0.9999999999999999, 0.9999999999999999, 1.0000000000000002, 1.0, 1.0, 1.0, 1.0, 1.0, 0.9999999999999999, 1.0, 0.9999999999999999, 1.0, 0.9999999999999999, 1.0, 1.0, 1.0, 0.9999999999999999, 0.9999999999999999, 1.0, 1.0, 0.9999999999999999, 0.9999999999999999, 1.0, 1.0000000000000002, 1.0, 1.0, 1.0, 1.0, 1.0, 1.0, 1.0, 0.9999999999999999, 1.0, 0.9999999999999999, 1.0, 1.0, 0.9999999999999999, 0.9999999999999999, 0.9999999999999999, 1.0, 0.9999999999999999, 0.9999999999999998, 1.0, 1.0, 0.9999999999999999, 1.0, 1.0, 0.9999999999999999, 1.0, 1.0, 0.9999999999999999, 0.9999999999999999, 1.0, 1.0, 0.9999999999999998, 1.0, 1.0, 0.9999999999999999, 1.0, 0.9999999999999999, 1.0, 0.9999999999999999, 1.0, 1.0, 1.0, 0.9999999999999999, 0.9999999999999999, 1.0, 1.0000000000000002, 0.9999999999999998, 0.9999999999999999, 1.0, 1.0, 1.0, 1.0, 0.9999999999999999, 1.0, 1.0, 1.0, 1.0, 1.0, 1.0, 1.0, 0.9999999999999998, 1.0, 1.0, 0.9999999999999999, 0.9999999999999999, 1.0, 1.0, 0.9999999999999999, 1.0000000000000002, 1.0, 1.0, 1.0, 1.0, 0.9999999999999999, 1.0, 1.0, 1.0, 1.0, 0.9999999999999999, 0.9999999999999999, 1.0, 1.0, 1.0, 1.0000000000000002, 1.0, 1.0, 1.0, 1.0, 1.0, 1.0, 1.0, 0.9999999999999998, 1.0, 1.0, 0.9999999999999999, 1.0, 1.0, 1.0, 1.0, 0.9999999999999999, 1.0, 1.0, 0.9999999999999999, 1.0, 1.0, 1.0, 0.9999999999999999, 0.9999999999999998, 1.0, 1.0, 0.9999999999999999, 1.0, 1.0, 0.9999999999999999, 1.0, 1.0000000000000002, 0.9999999999999998, 1.0, 1.0, 1.0, 1.0, 1.0, 1.0, 0.9999999999999999, 1.0, 1.0, 1.0, 1.0, 1.0, 1.0, 1.0, 1.0, 0.9999999999999998, 1.0, 1.0, 0.9999999999999999, 0.9999999999999999, 1.0, 1.0, 0.9999999999999999, 0.9999999999999999, 1.0, 0.9999999999999999, 1.0, 0.9999999999999999, 0.9999999999999999, 0.9999999999999999, 0.9999999999999999, 1.0, 1.0000000000000002, 0.9999999999999999, 1.0, 1.0, 0.9999999999999999, 0.9999999999999999, 1.0, 1.0, 1.0, 1.0, 1.0, 1.0, 0.9999999999999999, 1.0, 1.0, 0.9999999999999999, 0.9999999999999999, 1.0, 1.0, 1.0, 1.0, 1.0, 1.0, 1.0, 0.9999999999999998, 1.0, 1.0, 1.0, 1.0, 1.0, 1.0, 0.9999999999999999, 0.9999999999999999, 0.9999999999999999, 1.0, 0.9999999999999999, 0.9999999999999998, 1.0, 1.0, 1.0, 1.0, 1.0, 1.0, 1.0, 0.9999999999999999, 1.0, 0.9999999999999999, 1.0, 1.0, 1.0, 1.0, 1.0, 0.9999999999999999, 1.0, 1.0, 1.0, 1.0, 1.0, 1.0, 1.0, 1.0, 0.9999999999999999, 1.0, 1.0, 1.0, 1.0000000000000002, 1.0, 1.0, 1.0, 0.9999999999999999, 1.0, 1.0, 1.0, 0.9999999999999999, 1.0, 1.0, 0.9999999999999999, 1.0, 1.0, 1.0, 0.9999999999999999, 0.9999999999999999, 0.9999999999999999, 1.0, 1.0, 0.9999999999999999, 1.0, 1.0, 1.0, 1.0, 1.0, 1.0, 1.0, 1.0, 1.0, 1.0, 0.9999999999999999, 1.0, 0.9999999999999999, 1.0, 1.0, 1.0, 0.9999999999999999, 0.9999999999999999, 1.0, 1.0000000000000002, 1.0, 1.0, 0.9999999999999999, 1.0, 0.9999999999999999, 0.9999999999999999, 0.9999999999999999, 1.0, 0.9999999999999999, 1.0, 1.0, 1.0, 1.0, 0.9999999999999999, 0.9999999999999999, 1.0, 0.9999999999999999, 0.9999999999999999, 1.0, 1.0, 0.9999999999999998, 1.0, 1.0, 1.0, 0.9999999999999999, 1.0, 1.0000000000000002, 1.0, 1.0, 1.0, 0.9999999999999999, 0.9999999999999999, 1.0, 0.9999999999999999, 0.9999999999999999, 0.9999999999999999, 0.9999999999999999, 1.0, 1.0, 0.9999999999999999, 0.9999999999999999, 1.0, 1.0000000000000002, 1.0, 0.9999999999999999, 0.9999999999999998, 1.0, 1.0000000000000002, 1.0, 1.0, 0.9999999999999999, 1.0, 1.0, 1.0, 0.9999999999999999, 1.0, 0.9999999999999999, 1.0, 1.0, 1.0, 1.0, 0.9999999999999999, 1.0, 1.0000000000000002, 1.0, 1.0, 0.9999999999999999, 1.0, 1.0, 1.0]","[0.001, 0.001, 0.001, 0.001, 0.001, 0.001, 0.001, 0.001, 0.001, 0.001, 0.001, 0.001, 0.001, 0.001, 0.001, 0.001, 0.001, 0.001, 0.001, 0.001, 0.001, 0.001, 0.001, 0.001, 0.001, 0.001, 0.001, 0.001, 0.001, 0.001, 0.001, 0.001, 0.001, 0.001, 0.001, 0.001, 0.001, 0.001, 0.001, 0.001, 0.001, 0.001, 0.001, 0.001, 0.001, 0.001, 0.001, 0.001, 0.001, 0.001, 0.001, 0.001, 0.001, 0.001, 0.001, 0.001, 0.001, 0.001, 0.001, 0.001, 0.001, 0.001, 0.001, 0.001, 0.001, 0.001, 0.001, 0.001, 0.001, 0.001, 0.001, 0.001, 0.001, 0.001, 0.001, 0.001, 0.001, 0.001, 0.001, 0.001, 0.001, 0.001, 0.001, 0.001, 0.001, 0.001, 0.001, 0.001, 0.001, 0.001, 0.001, 0.001, 0.001, 0.001, 0.001, 0.001, 0.001, 0.001, 0.001, 0.001, 0.001, 0.001, 0.001, 0.001, 0.001, 0.001, 0.001, 0.001, 0.001, 0.001, 0.001, 0.001, 0.001, 0.001, 0.001, 0.001, 0.001, 0.001, 0.001, 0.001, 0.001, 0.001, 0.001, 0.001, 0.001, 0.001, 0.001, 0.001, 0.001, 0.001, 0.001, 0.001, 0.001, 0.001, 0.001, 0.001, 0.001, 0.001, 0.001, 0.001, 0.001, 0.001, 0.001, 0.001, 0.001, 0.001, 0.001, 0.001, 0.001, 0.001, 0.001, 0.001, 0.001, 0.001, 0.001, 0.001, 0.001, 0.001, 0.001, 0.001, 0.001, 0.001, 0.001, 0.001, 0.001, 0.001, 0.001, 0.001, 0.001, 0.001, 0.001, 0.001, 0.001, 0.001, 0.001, 0.001, 0.001, 0.001, 0.001, 0.001, 0.001, 0.001, 0.001, 0.001, 0.001, 0.001, 0.001, 0.001, 0.001, 0.001, 0.001, 0.001, 0.001, 0.001, 0.001, 0.001, 0.001, 0.001, 0.001, 0.001, 0.001, 0.001, 0.001, 0.001, 0.001, 0.001, 0.001, 0.001, 0.001, 0.001, 0.001, 0.001, 0.001, 0.001, 0.001, 0.001, 0.001, 0.001, 0.001, 0.001, 0.001, 0.001, 0.001, 0.001, 0.001, 0.001, 0.001, 0.001, 0.001, 0.001, 0.001, 0.001, 0.001, 0.001, 0.001, 0.001, 0.001, 0.001, 0.001, 0.001, 0.001, 0.001, 0.001, 0.001, 0.001, 0.001, 0.001, 0.001, 0.001, 0.001, 0.001, 0.001, 0.001, 0.001, 0.001, 0.001, 0.001, 0.001, 0.001, 0.001, 0.001, 0.001, 0.001, 0.001, 0.001, 0.001, 0.001, 0.001, 0.001, 0.001, 0.001, 0.001, 0.001, 0.001, 0.001, 0.001, 0.001, 0.001, 0.001, 0.001, 0.001, 0.001, 0.001, 0.001, 0.001, 0.001, 0.001, 0.001, 0.001, 0.001, 0.001, 0.001, 0.001, 0.001, 0.001, 0.001, 0.001, 0.001, 0.001, 0.001, 0.001, 0.001, 0.001, 0.001, 0.001, 0.001, 0.001, 0.001, 0.001, 0.001, 0.001, 0.001, 0.001, 0.001, 0.001, 0.001, 0.001, 0.001, 0.001, 0.001, 0.001, 0.001, 0.001, 0.001, 0.001, 0.001, 0.001, 0.001, 0.001, 0.001, 0.001, 0.001, 0.001, 0.001, 0.001, 0.001, 0.001, 0.001, 0.001, 0.001, 0.001, 0.001, 0.001, 0.001, 0.001, 0.001, 0.001, 0.001, 0.001, 0.001, 0.001, 0.001, 0.001, 0.001, 0.001, 0.001, 0.001, 0.001, 0.001, 0.001, 0.001, 0.001, 0.001, 0.001, 0.001, 0.001, 0.001, 0.001, 0.001, 0.001, 0.001, 0.001, 0.001, 0.001, 0.001, 0.001, 0.001, 0.001, 0.001, 0.001, 0.001, 0.001, 0.001, 0.001, 0.001, 0.001, 0.001, 0.001, 0.001, 0.001, 0.001, 0.001, 0.001, 0.001, 0.001, 0.001, 0.001, 0.001, 0.001, 0.001, 0.001, 0.001, 0.001, 0.001, 0.001, 0.001, 0.001, 0.001, 0.001, 0.001, 0.001, 0.001, 0.001, 0.001, 0.001, 0.001, 0.001, 0.001, 0.001, 0.001, 0.001, 0.001, 0.001, 0.001, 0.001, 0.001, 0.001, 0.001, 0.001, 0.001, 0.001, 0.001, 0.001, 0.001, 0.001, 0.001, 0.001, 0.001, 0.001, 0.001, 0.001, 0.001, 0.001, 0.001, 0.001, 0.001, 0.001, 0.001, 0.001, 0.001, 0.001, 0.001, 0.001, 0.001, 0.001, 0.001, 0.001, 0.001, 0.001, 0.001, 0.001, 0.001, 0.001, 0.001, 0.001, 0.001, 0.001, 0.001, 0.001, 0.001, 0.001, 0.001, 0.001, 0.001, 0.001, 0.001, 0.001, 0.001, 0.001, 0.001, 0.001, 0.001, 0.001, 0.001, 0.001, 0.001, 0.001, 0.001, 0.001, 0.001, 0.001, 0.001, 0.001, 0.001, 0.001, 0.001, 0.001, 0.001, 0.001, 0.001, 0.001, 0.001, 0.001, 0.001, 0.001, 0.001, 0.001, 0.001, 0.001, 0.001, 0.001, 0.001, 0.001, 0.001, 0.001, 0.001, 0.001, 0.001, 0.001, 0.001, 0.001, 0.001, 0.001, 0.001, 0.001, 0.001, 0.001, 0.001, 0.001, 0.001, 0.001, 0.001, 0.001, 0.001, 0.001, 0.001, 0.001, 0.001, 0.001, 0.001, 0.001, 0.001, 0.001, 0.001, 0.001, 0.001, 0.001, 0.001, 0.001, 0.001, 0.001, 0.001, 0.001, 0.001, 0.001, 0.001, 0.001, 0.001, 0.001, 0.001, 0.001, 0.001, 0.001, 0.001, 0.001, 0.001, 0.001, 0.001, 0.001, 0.001, 0.001, 0.001, 0.001, 0.001, 0.001, 0.001, 0.001, 0.001, 0.001, 0.001, 0.001, 0.001, 0.001, 0.001, 0.001, 0.001, 0.001, 0.001, 0.001, 0.001, 0.001, 0.001, 0.001, 0.001, 0.001, 0.001, 0.001, 0.001, 0.001, 0.001, 0.001, 0.001, 0.001, 0.001, 0.001, 0.001, 0.001, 0.001, 0.001, 0.001, 0.001, 0.001, 0.001, 0.001, 0.001, 0.001, 0.001, 0.001, 0.001, 0.001, 0.001, 0.001, 0.001, 0.001, 0.001, 0.001, 0.001, 0.001, 0.001, 0.001, 0.001, 0.001, 0.001, 0.001, 0.001, 0.001, 0.001, 0.001, 0.001, 0.001, 0.001, 0.001, 0.001, 0.001, 0.001, 0.001, 0.001, 0.001, 0.001, 0.001, 0.001, 0.001, 0.001, 0.001, 0.001, 0.001, 0.001, 0.001, 0.001, 0.001, 0.001, 0.001, 0.001, 0.001, 0.001, 0.001, 0.001, 0.001, 0.001, 0.001, 0.001, 0.001, 0.001, 0.001, 0.001, 0.001, 0.001, 0.001, 0.001, 0.001, 0.001, 0.001, 0.001, 0.001, 0.001, 0.001, 0.001, 0.001, 0.001, 0.001, 0.001, 0.001, 0.001, 0.001, 0.001, 0.001, 0.001, 0.001, 0.001, 0.001, 0.001, 0.001, 0.001, 0.001, 0.001, 0.001, 0.001, 0.001, 0.001, 0.001, 0.001, 0.001, 0.001, 0.001, 0.001, 0.001, 0.001, 0.001, 0.001, 0.001, 0.001, 0.001, 0.001, 0.001, 0.001, 0.001, 0.001, 0.001, 0.001, 0.001, 0.001, 0.001, 0.001, 0.001, 0.001, 0.001, 0.001, 0.001, 0.001, 0.001, 0.001, 0.001, 0.001, 0.001, 0.001, 0.001, 0.001, 0.001, 0.001, 0.001, 0.001, 0.001, 0.001, 0.001, 0.001, 0.001, 0.001, 0.001, 0.001, 0.001, 0.001, 0.001, 0.001, 0.001, 0.001, 0.001, 0.001, 0.001, 0.001, 0.001, 0.001, 0.001, 0.001, 0.001, 0.001, 0.001, 0.001, 0.001, 0.001, 0.001, 0.001, 0.001, 0.001, 0.001, 0.001, 0.001, 0.001, 0.001, 0.001, 0.001, 0.001, 0.001, 0.001, 0.001, 0.001, 0.001, 0.001, 0.001, 0.001, 0.001, 0.001, 0.001, 0.001, 0.001, 0.001, 0.001, 0.001, 0.001, 0.001, 0.001, 0.001, 0.001, 0.001, 0.001, 0.001, 0.001, 0.001, 0.001, 0.001, 0.001, 0.001, 0.001, 0.001, 0.001, 0.001, 0.001, 0.001, 0.001, 0.001, 0.001, 0.001, 0.001, 0.001, 0.001, 0.001, 0.001, 0.001, 0.001, 0.001, 0.001, 0.001, 0.001, 0.001, 0.001, 0.001, 0.001, 0.001, 0.001, 0.001, 0.001, 0.001, 0.001, 0.001, 0.001, 0.001, 0.001, 0.001, 0.001, 0.001, 0.001, 0.001, 0.001, 0.001, 0.001, 0.001, 0.001, 0.001, 0.001, 0.001, 0.001, 0.001, 0.001, 0.001, 0.001, 0.001, 0.001, 0.001, 0.001, 0.001, 0.001, 0.001, 0.001, 0.001, 0.001, 0.001, 0.001, 0.001, 0.001, 0.001, 0.001, 0.001, 0.001, 0.001, 0.001, 0.001, 0.001, 0.001, 0.001, 0.001, 0.001, 0.001, 0.001, 0.001, 0.001, 0.001, 0.001, 0.001, 0.001, 0.001, 0.001, 0.001, 0.001, 0.001, 0.001, 0.001, 0.001, 0.001, 0.001, 0.001, 0.001, 0.001, 0.001, 0.001, 0.001, 0.001, 0.001, 0.001, 0.001, 0.001, 0.001, 0.001, 0.001, 0.001, 0.001, 0.001, 0.001, 0.001, 0.001, 0.001, 0.001, 0.001, 0.001, 0.001, 0.001, 0.001, 0.001, 0.001, 0.001, 0.001, 0.001, 0.001, 0.001, 0.001, 0.001, 0.001, 0.001, 0.001, 0.001, 0.001, 0.001, 0.001, 0.001, 0.001, 0.001, 0.001, 0.001, 0.001, 0.001, 0.001, 0.001, 0.001, 0.001, 0.001, 0.001, 0.001, 0.001, 0.001, 0.001, 0.001, 0.001, 0.001, 0.001, 0.001, 0.001, 0.001, 0.001, 0.001, 0.001, 0.001, 0.001, 0.001, 0.001, 0.001, 0.001, 0.001, 0.001, 0.001, 0.001, 0.001, 0.001, 0.001, 0.001, 0.001, 0.001, 0.001, 0.001, 0.001, 0.001, 0.001, 0.001, 0.001, 0.001, 0.001, 0.001, 0.001, 0.001, 0.001, 0.001, 0.001, 0.001, 0.001, 0.001, 0.001, 0.001, 0.001, 0.001, 0.001, 0.001, 0.001, 0.001, 0.001, 0.001, 0.001, 0.001, 0.001, 0.001, 0.001, 0.001, 0.001, 0.001, 0.001, 0.001, 0.001, 0.001, 0.001, 0.001, 0.001, 0.001, 0.001, 0.001, 0.001, 0.001, 0.001, 0.001, 0.001, 0.001, 0.001, 0.001, 0.001, 0.001, 0.001, 0.001, 0.001, 0.001, 0.001, 0.001, 0.001, 0.001, 0.001, 0.001, 0.001, 0.001, 0.001, 0.001, 0.001, 0.001, 0.001, 0.001, 0.001, 0.001, 0.001, 0.001, 0.001, 0.001, 0.001, 0.001, 0.001, 0.001, 0.001, 0.001, 0.001, 0.001, 0.001, 0.001, 0.001, 0.001, 0.001, 0.001, 0.001, 0.001, 0.001, 0.001, 0.001, 0.001, 0.001, 0.001, 0.001, 0.001, 0.001, 0.001, 0.001, 0.001, 0.001, 0.001, 0.001, 0.001, 0.001, 0.001, 0.001, 0.001, 0.001, 0.001, 0.001, 0.001, 0.001, 0.001, 0.001, 0.001, 0.001, 0.001, 0.001, 0.001, 0.001, 0.001, 0.001, 0.001, 0.001, 0.001, 0.001, 0.001, 0.001, 0.001, 0.001, 0.001, 0.001, 0.001, 0.001, 0.001, 0.001, 0.001, 0.001, 0.001, 0.001, 0.001, 0.001, 0.001, 0.001, 0.001, 0.001, 0.001, 0.001, 0.001, 0.001, 0.001, 0.001, 0.001, 0.001, 0.001, 0.001, 0.001, 0.001, 0.001, 0.001, 0.001, 0.001, 0.001, 0.001, 0.001, 0.001, 0.001, 0.001, 0.001, 0.001, 0.001, 0.001, 0.001, 0.001, 0.001, 0.001, 0.001, 0.001, 0.001, 0.001, 0.001, 0.001, 0.001, 0.001, 0.001, 0.001, 0.001, 0.001, 0.001, 0.001, 0.001, 0.001, 0.001, 0.001, 0.001, 0.001, 0.001, 0.001, 0.001, 0.001, 0.001, 0.001, 0.001, 0.001, 0.001, 0.001, 0.001, 0.001, 0.001, 0.001, 0.001, 0.001, 0.001, 0.001, 0.001, 0.001, 0.001, 0.001, 0.001, 0.001, 0.001, 0.001, 0.001, 0.001, 0.001, 0.001, 0.001, 0.001, 0.001, 0.001, 0.001, 0.001, 0.001, 0.001, 0.001, 0.001, 0.001, 0.001, 0.001, 0.001, 0.001, 0.001, 0.001, 0.001, 0.001, 0.001, 0.001, 0.001, 0.001, 0.001, 0.001, 0.001, 0.001, 0.001, 0.001, 0.001, 0.001, 0.001, 0.001, 0.001, 0.001, 0.001, 0.001, 0.001, 0.001, 0.001, 0.001, 0.001, 0.001, 0.001, 0.001, 0.001, 0.001, 0.001, 0.001, 0.001, 0.001, 0.001, 0.001, 0.001, 0.001, 0.001, 0.001, 0.001, 0.001, 0.001, 0.001, 0.001, 0.001, 0.001, 0.001, 0.001, 0.001, 0.001, 0.001, 0.001, 0.001, 0.001, 0.001, 0.001, 0.001, 0.001, 0.001, 0.001, 0.001, 0.001, 0.001, 0.001, 0.001, 0.001, 0.001, 0.001, 0.001, 0.001, 0.001, 0.001, 0.001, 0.001, 0.001, 0.001, 0.001, 0.001, 0.001, 0.001, 0.001, 0.001, 0.001, 0.001, 0.001, 0.001, 0.001, 0.001, 0.001, 0.001, 0.001, 0.001, 0.001, 0.001, 0.001, 0.001, 0.001, 0.001, 0.001, 0.001, 0.001, 0.001, 0.001, 0.001, 0.001, 0.001, 0.001, 0.001, 0.001, 0.001, 0.001, 0.001, 0.001, 0.001, 0.001, 0.001, 0.001, 0.001, 0.001, 0.001, 0.001, 0.001, 0.001, 0.001, 0.001, 0.001, 0.001, 0.001, 0.001, 0.001, 0.001, 0.001, 0.001, 0.001, 0.001, 0.001, 0.001, 0.001, 0.001, 0.001, 0.001, 0.001, 0.001, 0.001, 0.001, 0.001, 0.001, 0.001, 0.001, 0.001, 0.001, 0.001, 0.001, 0.001, 0.001, 0.001, 0.001, 0.001, 0.001, 0.001, 0.001, 0.001, 0.001, 0.001, 0.001, 0.001, 0.001, 0.001, 0.001, 0.001, 0.001, 0.001, 0.001, 0.001, 0.001, 0.001, 0.001, 0.001, 0.001, 0.001, 0.001, 0.001, 0.001, 0.001, 0.001, 0.001, 0.001, 0.001, 0.001, 0.001, 0.001, 0.001, 0.001, 0.001, 0.001, 0.001, 0.001, 0.001, 0.001, 0.001, 0.001, 0.001, 0.001, 0.001, 0.001, 0.001, 0.001, 0.001, 0.001, 0.001, 0.001, 0.001, 0.001, 0.001, 0.001, 0.001, 0.001, 0.001, 0.001, 0.001, 0.001, 0.001, 0.001, 0.001, 0.001, 0.001, 0.001, 0.001, 0.001, 0.001, 0.001, 0.001, 0.001, 0.001, 0.001, 0.001, 0.001, 0.001, 0.001, 0.001, 0.001, 0.001, 0.001]"
2,0.03375662724276554,1.134972964601092,0.058963285041929867,1.5655967558638963,297.1818658448756,1500,299,27.822953730162062,"[13637.31841971327, 13535.58983049917, 13320.712402123028, 13995.02143380803, 9055.666997118939, 13465.1090094554, 13778.387719054705, 13650.709461392993, 13578.086387642625, 8921.14120127941, 13259.2079603907, 13810.255740370818, 13462.891155690499, 13715.05399505962, 8995.536986342608, 13390.938906058587, 13550.91980234794, 13632.217372190458, 13473.056995678944, 9046.084529576516, 13673.109533902072, 13601.435552717561, 13447.258809782708, 13295.720212752052, 8926.426550617427, 13657.727110296339, 13687.38101459967, 13306.504960203565, 13391.951818738393, 8750.757642615588, 13503.784115038412, 13478.349298949266, 13413.288658745792, 13315.444552549297, 8933.034775451264, 13273.878071637126, 13352.334245988117, 13435.09721097839, 13465.904217687264, 8965.699130301216, 13462.926246402732, 13466.243443364261, 13279.77804158538, 13431.06294247584, 8702.05311322053, 13467.004600467475, 13392.218416293865, 13024.395166432598, 13414.32475006744, 8892.757361647697, 13417.964119458195, 12985.82076936068, 13317.283088779455, 13487.309112622603, 8830.975417816566, 13083.519439109921, 13563.135892001494, 13121.673873107127, 13514.131816087525, 8605.760765481364, 13448.537484834955, 13199.308703944114, 13518.191345498644, 13156.605058711933, 8414.494342509272, 13231.103412823208, 13259.772045663112, 12974.166085688721, 13346.73174996769, 8773.255588366219, 13093.398847223034, 13315.29638056269, 13244.527415543322, 13220.509008179568, 8559.259186871828, 13041.464452365675, 13193.188276498959, 13183.303485438106, 13061.62106184362, 8800.817140853851, 13049.533246150202, 13060.582173856077, 13407.574636909972, 13073.769989686669, 8536.51669222779, 12968.6482028172, 13243.303498259478, 13130.30723450414, 13115.922848005877, 8517.341858721415, 13087.863511456937, 13164.719854946694, 12871.125903374837, 13135.743674603333, 8563.740519528905, 13034.477517431762, 12817.92924842833, 12967.117502612185, 13250.191128395241, 8600.95424625743, 13167.524886401563, 12870.917992778368, 12834.609384656724, 12990.893676219228, 8654.36749563453, 13268.93050082323, 12889.089114906757, 12680.056468092358, 12947.83657025342, 8579.664608269512, 12967.080616572732, 12815.779757268914, 12920.034779840369, 12892.22314214199, 8616.839998332016, 13016.891210949661, 13176.193687451721, 12757.205286349166, 12608.490765222907, 8499.427476239065, 12988.47291232795, 12527.819118451253, 12652.033553732046, 13332.536669446745, 8402.240028173004, 12947.264704386685, 12668.898051278713, 12587.196136975557, 12970.974968337396, 8573.493869989712, 12711.95692520538, 12789.618081705581, 12794.150800930493, 12858.259273473126, 8437.97964347173, 12683.37143019785, 12913.33256346042, 12816.387755498645, 12662.497239739001, 8360.22585351328, 12744.741759618646, 12786.633710044978, 12887.886578632304, 12580.992060831964, 8278.914435002345, 12853.376628330156, 12861.351631112544, 12496.41672294185, 12502.988990884882, 8407.961348589226, 12642.343329305077, 12546.646538070485, 12569.115809031604, 12687.4612971926, 8518.557412557408, 12735.173006720306, 12639.064136547671, 12468.876206995821, 12630.935870231162, 8332.224949434078, 12636.415445953677, 12619.119445172812, 12645.293149160429, 12592.346578984798, 8154.584959740951, 12535.948875787786, 12333.331861758561, 12665.884638225334, 12685.014921112921, 8268.19720393604, 12404.982866007542, 12801.780484671019, 12431.918085244955, 12626.861332981192, 8063.562442216145, 12466.594137277289, 12289.23172013011, 12628.504791729469, 12527.556241357237, 8257.149378171485, 12392.034866039103, 12291.500755387518, 12549.031084072565, 12585.395492894993, 8191.0505633548555, 12608.709858701306, 12565.801114521919, 12128.797583444368, 12461.346976779852, 8084.585768714296, 11941.101258233704, 12603.87970491862, 12725.738297095, 12404.009738182534, 8013.842249287164, 12205.65446858236, 12479.472879616298, 12517.743527636994, 12309.597011572256, 8015.820342010774, 12266.153698566686, 12526.978280894162, 12310.43778831567, 12380.614508352272, 7883.577288411901, 12295.63658075149, 12348.809429854826, 12330.967796620673, 12312.10491450069, 7919.162750415336, 12439.211126134682, 12199.762438961443, 12198.596474805341, 12202.428214648147, 8005.231705343885, 12064.733564155555, 12159.016818174838, 12367.69853235209, 12276.917687916064, 8014.396650729851, 12312.700651901563, 12350.068908557174, 11981.844598440934, 12088.157939906994, 7987.356055620198, 12263.567437967966, 11980.575857217218, 12153.630105507802, 12195.98675715443, 7962.132670535401, 11925.820129524936, 12325.291750249824, 12046.335656374882, 11901.469608601026, 8191.492861981412, 12094.486496726, 12160.399992505523, 12116.044408811595, 11937.922891364045, 7915.1385138709375, 12134.712273743222, 11990.10394345444, 11865.2616180151, 12191.012928968003, 7874.608476712744, 12138.49660311821, 11963.547341775728, 11839.272186922733, 12027.05757173055, 7917.841252225225, 11933.825890485117, 11908.180957886658, 11952.625378755325, 12139.59912223615, 7781.078472906204, 12154.93799108359, 11914.066294848113, 11894.32478169832, 11895.47731357138, 7685.059027856297, 11959.643903920445, 12007.08302947709, 11830.041378958864, 11805.926269214644, 7768.219935606054, 11933.499116945646, 11828.977958383191, 12008.370147882419, 11599.853264943424, 7826.575414498855, 11917.62450696587, 12040.240716020951, 11674.603696108254, 11730.69802456085, 7660.030817292867, 11791.592699858322, 11800.914936238563, 11725.255901110699, 11696.748661429303, 7833.555821863564, 11771.163288853662, 11731.125469954886, 11809.195250712994, 11667.042263746878, 7694.627867172845, 11705.325392743658, 11868.075630010804, 11588.396052047116, 11711.363551399265, 7625.007006033235, 11604.909083784609, 11804.502923818212, 11552.902113216403, 11645.547710447476, 7715.189068808429, 11768.298078379206, 11675.613161974412, 11386.838332288326, 11622.515355327703, 7695.078666952339, 11712.477152667734, 11407.035247109983, 11561.434515957033, 11720.235810688753, 7572.294029997245, 11552.800084818762, 11654.012682313314, 11644.13829752957, 11581.211572278171, 7366.743706856106, 11577.193991884307, 11611.43000639268, 11629.476033085892, 11339.782400429422, 7465.632266245868, 11203.411344707034, 11567.868067552692, 11777.829025087787, 11319.17967728176, 7578.357264963386, 11752.663780319335, 11406.815904705703, 11487.496255845612, 11096.468345821246, 7526.1811042601, 11430.665800850444, 11498.335382255114, 11360.212753537493, 11465.034589160721, 7335.755363519061, 11245.384993072303, 11319.666948838232, 11403.286094717461, 11445.60711263574, 7494.5296512803925, 11483.616059985463, 11302.113596504832, 11047.381620400698, 11502.227662141431, 7390.427667719022, 11294.125684038077, 11191.513554527915, 11350.200086493871, 11334.673463766645, 7370.377977079379, 11113.039143585727, 11378.016282960984, 11101.64313381286, 11524.034170087962, 7237.642432290491, 11082.677954678044, 11174.331548206563, 11348.795903336373, 11157.244726409366, 7403.275064201352, 11349.737404585081, 11230.074901757895, 10906.019317775634, 11157.818806794647, 7334.061777872016, 10976.121144737803, 11109.677304802493, 11279.411289723923, 11203.534430836162, 7218.456359039982, 11102.931671466904, 11157.871175355798, 10916.31168100592, 10899.061857955023, 7520.167824606713, 11000.923220812858, 11088.300944447423, 11070.892786355354, 11098.621280626063, 7146.4934791448595, 10874.230267408288, 11067.944407229388, 10838.21181312246, 11184.941058735909, 7247.322891615853, 11142.666647242058, 11458.126416999674, 10896.640371128733, 10494.242677056165, 7029.657835218955, 10981.489569034064, 10961.819395840965, 10735.506026885927, 11082.726550334135, 7064.989173292855, 10618.561900097922, 11028.057997956399, 10923.06243056118, 10681.920888290018, 7379.2714745765325, 10852.11619793396, 10809.685448442906, 10870.532775309257, 10823.271765483212, 7078.764228069806, 10738.727465863032, 10738.8604588179, 10804.066217506152, 10838.229473745949, 7115.158047525623, 10624.197476942818, 10554.394189218718, 11009.479503728904, 10738.115896050167, 7107.002372423446, 10811.002837581247, 10782.842855125336, 10534.991538776767, 10805.508418437958, 6895.315840546158, 10787.948503024802, 10676.708331722357, 10364.064101146101, 10809.750251535035, 6983.916275484244, 10736.949605206919, 10498.25543323521, 10802.041498315995, 10481.874753751097, 6893.8252758084045, 10671.164747101984, 10604.472292784643, 10636.557156562265, 10503.45625152472, 6784.68379339283, 10535.757457751028, 10485.916029909473, 10727.117553392618, 10291.045751292515, 6944.469579147164, 10425.554029073308, 10540.27505939236, 10423.82324668383, 10549.421637429128, 6826.482259740349, 10319.556951300807, 10503.691704824774, 10389.705022154232, 10575.93234324994, 6754.357271783649, 10311.912305697562, 10397.672487804666, 10491.736893180012, 10396.76726436709, 6720.122792602889, 10336.029715580327, 10312.253336083026, 10118.061388984283, 10477.970592104859, 6844.926086044545, 10443.460053274763, 10124.497278443729, 10289.608817691638, 10372.128755839462, 6628.735740232973, 10136.643680947118, 10269.389970333928, 10159.792977859233, 10371.617103619277, 6686.150231625671, 10396.514056935433, 10215.962213043229, 10136.15984924426, 10056.008710197442, 6583.6612792318565, 10218.237998944147, 10189.60362418131, 10051.007649779416, 10119.004057794546, 6572.023514087333, 10126.986787467835, 10243.349266213603, 9917.672167673778, 9734.983735775613, 6887.690752863768, 10119.818808316753, 10088.828868535498, 10019.894422738233, 9991.560726327201, 6451.797192347647, 9843.743674709365, 10058.247975338392, 10113.694250595885, 9756.920357930114, 6659.021817672687, 10104.476001764193, 9834.045839950544, 9824.967935938394, 9989.641313855847, 6439.6677260581155, 9774.788455641314, 10090.67527502612, 9937.403404862895, 9627.057065745263, 6523.084021958752, 9891.63231507836, 9906.855514861214, 9820.720426308311, 9694.965906307703, 6398.838463198739, 9791.05143259351, 9726.76305790184, 9808.501330192405, 9653.73404954653, 6490.53716352218, 9763.30280688766, 9653.773262780913, 9777.001433305559, 9588.07796143196, 6444.964137965797, 9690.95900368428, 9611.065227290443, 9663.635793777074, 9551.812066400167, 6463.446311160928, 9612.898452484642, 9836.110134874714, 9477.539216761601, 9589.561410249806, 6217.04148580197, 9580.186936931568, 9332.134513282139, 9764.185634031022, 9524.790898229723, 6279.576156011256, 9543.010709628747, 9452.19622517197, 9432.409095563384, 9548.143519054482, 6250.383175339762, 9530.870914973966, 9518.099200021263, 9535.01567220321, 9314.948659899697, 6070.552324803713, 9464.752124368068, 9439.138411905653, 9122.52547264896, 9439.06338257902, 6242.386544614505, 9395.731553701751, 9342.773191733282, 9152.297362196749, 9332.288455790906, 6221.215184073294, 9391.210656121475, 9244.185870420299, 9139.192767811734, 9392.17160544342, 6012.282199793495, 9141.767847699175, 9217.756161243859, 9177.355860223639, 9236.804363319858, 6136.192527892609, 9318.646721180958, 9371.094872180702, 9200.67759914401, 8919.335146870373, 5831.427087389887, 9143.722380217227, 9113.718203534963, 9036.93312453319, 9128.93476392225, 5943.358438471308, 9105.989633784367, 8935.3086065313, 9102.353637421878, 9129.761007897745, 5817.842518939758, 9101.845344596371, 8819.170151347329, 8947.458349246013, 9221.324271019217, 5722.732123138028, 8760.309541896597, 8862.90276748753, 8960.013791572472, 9089.806991778483, 5856.091466665616, 8847.556536150807, 8955.420650557906, 8882.946472751548, 8777.543244974968, 5780.182375639115, 8802.462532591793, 8758.675427955171, 8796.987212542595, 8794.89847551223, 5797.341983367823, 8684.769888711204, 8886.80295618546, 8676.522350513138, 8702.739876024869, 5701.415010461107, 8821.803075763037, 8684.814664275884, 8695.580849201568, 8638.999056936715, 5506.6197666714725, 8699.714653281277, 8529.701090584218, 8648.272869954257, 8576.036157487759, 5579.919365358852, 8745.208475290581, 8407.341043222841, 8544.746301740552, 8450.241651193508, 5565.587553375189, 8496.288527305185, 8499.564557642161, 8392.913049666833, 8370.019538237015, 5625.520990646224, 8524.267011709706, 8267.233457558403, 8445.110859154503, 8271.44065371321, 5541.835074517529, 8203.5769102283, 8237.896387866702, 8323.771822976461, 8384.387251963517, 5557.302608851653, 8192.0939923073, 8379.875155457117, 8152.108041758082, 8241.965627306192, 5395.78686313421, 8338.63969906643, 8193.961128872787, 8089.410169657707, 8023.40819691398, 5365.2080304386045, 8163.553493592632, 8045.497404231039, 8181.339037598325, 7995.939029010722, 5268.279923522446, 8106.48981281635, 7945.203629668197, 8073.742082459727, 7987.241639699557, 5182.162580840443, 7891.284282196627, 7898.264377894685, 8069.594549096251, 7857.268192760837, 5214.6036620725, 7919.755487962543, 7953.661903827071, 7929.932135722438, 7729.551223865667, 5034.572355843156, 7750.199818056128, 7816.629133561514, 7818.65051789161, 7860.982648050323, 4952.276565872022, 7837.895320538629, 7754.438718788792, 7737.492930062681, 7501.190348334297, 4999.86070386469, 7609.549585574427, 7668.051532971058, 7639.2765381597055, 7552.437054869314, 4988.629926658593, 7673.321544023666, 7700.780789795161, 7434.866298642225, 7323.731214070971, 4955.396042099431, 7656.334274134014, 7323.8944209270185, 7433.151465613748, 7389.808922487026, 4911.143861142682, 7446.780026290461, 7436.960351964269, 7335.166808500938, 7270.22731750892, 4851.798667765444, 7304.066029284873, 7280.1114554267, 7392.147312556214, 7232.730655927682, 4757.787974382949, 7263.79450795284, 7228.8709437987045, 7212.299414421128, 7181.292270086856, 4706.490672809726, 7029.651276665525, 7178.67005282962, 7298.9255192960645, 7171.100521736914, 4538.3283934945075, 7119.396294036177, 7010.061709906209, 7007.890832286368, 7145.022179510492, 4559.022393493624, 6974.470088630775, 6948.701708354978, 6967.2143682930955, 7025.978527761745, 4547.825574408422, 6955.115010385444, 6709.919661327507, 6942.159938520003, 6945.607596108551, 4532.288898920864, 6791.369335722634, 6906.017450953014, 6742.933184717568, 6832.804111693948, 4434.237588295932, 6708.174254248554, 6729.175529763462, 6775.592232320911, 6712.519059116843, 4399.959415449934, 6651.042052714397, 6752.622755910299, 6613.036600801448, 6559.200833846785, 4368.233182128747, 6534.29996989424, 6654.6710418741395, 6551.694072537018, 6458.623527223768, 4358.494023918004, 6665.745960637106, 6398.350965958214, 6492.649377762933, 6481.730134694184, 4134.108967715229, 6330.509533899789, 6316.251072008339, 6538.420236021414, 6395.758032025945, 4198.238520969412, 6315.508160049491, 6256.788631963159, 6276.156526705492, 6365.811641238211, 4171.194102961667, 6227.787542445679, 6302.361116340702, 6151.961572583374, 6216.223171064817, 4092.6276808703406, 6203.3145726062285, 6134.182614743842, 6089.378001911354, 6089.292372894002, 4075.4384396631294, 6176.158309171841, 6088.14644759077, 6053.666082393564, 6015.4503334118845, 3857.8279671868695, 6023.07717119037, 5941.979321628277, 5940.2172050020745, 5933.476099466442, 3944.447539831188, 5897.660356200439, 5878.378603659891, 5896.67080617516, 5773.589938007845, 3926.827142383749, 5713.704065860053, 5804.012105421917, 5806.776000787114, 5856.3750281853145, 3778.3693942676164, 5690.508279162925, 5754.05657914715, 5674.970757299258, 5709.784165023452, 3714.3518805869803, 5608.484628057644, 5639.767415877604, 5610.032276344023, 5660.627896515358, 3604.7632911699393, 5545.44444711274, 5561.424048588814, 5540.435868292164, 5502.225443441854, 3551.2544347708786, 5421.180077332823, 5505.182566962187, 5407.485611456183, 5445.244715628424, 3493.180178976317, 5349.150702039526, 5359.9969953399595, 5338.360810867182, 5335.079194785645, 3458.4046944866686, 5315.819717930408, 5249.008458798235, 5234.060910802309, 5266.842849100527, 3341.2226430553937, 5195.6884617308915, 5170.576113875493, 5111.669255532166, 5138.104253066946, 3351.8393299763607, 5021.098886115315, 5053.822886262053, 5078.880049012674, 5092.582371765808, 3276.6769399184536, 4992.370015589333, 4951.860195533457, 4966.699491356236, 4945.702654778528, 3222.259873958389, 4869.796665567739, 4858.289525770391, 4903.490293212976, 4795.550355815602, 3201.337245416047, 4827.962420685721, 4782.627709918371, 4717.8809552297935, 4781.248888635724, 3065.810414229754, 4703.804398191844, 4701.151688857302, 4624.979111491244, 4611.700121934034, 3076.9856205628193, 4580.129375336397, 4553.055371145183, 4583.174742985505, 4541.380897517046, 2998.698429172151, 4462.19868754037, 4519.464809360566, 4456.148292819272, 4447.460529094363, 2908.4574482280264, 4421.214012000494, 4317.956984043838, 4376.088708230438, 4354.788697952691, 2855.10458051682, 4283.775580506236, 4336.002056138846, 4240.172943091357, 4265.423260334042, 2730.418258322401, 4225.484152501464, 4132.824907148564, 4169.763614893025, 4178.9181523680945, 2671.9237136499282, 4178.269466197606, 4086.3686178530866, 3988.291064223248, 4034.8281401156273, 2616.1909775978606, 4045.2372557671097, 3951.8217070582446, 3930.049144459694, 3881.4364761570564, 2613.43433720345, 3885.372946075319, 3843.3207884121034, 3878.1244080730467, 3842.0503647664727, 2488.9175056971703, 3727.758642544567, 3801.7588628750464, 3757.743548971723, 3724.983632027894, 2438.010810194505, 3707.6257139172803, 3630.8596232294767, 3637.694165318909, 3633.575918665635, 2350.769510289477, 3602.9698548359706, 3542.159948885336, 3511.225180412652, 3527.621182916779, 2284.203431564203, 3498.415008431001, 3419.7871411245155, 3455.824240255445, 3366.958000131747, 2231.8311028127264, 3377.550329107327, 3363.8895973157496, 3308.901331166851, 3271.97812134402, 2152.3500461273034, 3260.995592343709, 3242.2515648124618, 3223.8741866428472, 3156.067502617535, 2090.807361946004, 3181.0592434882433, 3088.074857228388, 3125.807402821211, 3078.5177684192095, 1997.6164733771193, 3050.013233054007, 3014.564374794614, 3003.6322100133993, 2950.9115358286213, 1948.5088779652194, 2929.9783289321863, 2890.6506238279026, 2899.893931472047, 2876.9319083636065, 1863.323262962661, 2816.191345849162, 2807.910273611753, 2766.9376126104817, 2740.408541673416, 1819.9330091270772, 2687.4539866328996, 2683.3982071034743, 2663.657505587236, 2677.500077741533, 1730.4846190799913, 2614.2110059362876, 2572.2221705133175, 2548.2752271851828, 2552.453892521789, 1645.128591695467, 2496.3917147963507, 2469.435679581907, 2453.1485174083705, 2420.58227165956, 1582.8864785432256, 2379.6814304598047, 2339.55704116537, 2348.820712860608, 2329.088829399964, 1514.1060512025651, 2254.6997248274415, 2286.6692369928737, 2219.1487466922313, 2214.237544652395, 1428.1267629518738, 2158.9461228835767, 2173.160437511865, 2091.1749337813617, 2104.823274835072, 1368.1956507477964, 2046.4210971061482, 2026.465658838911, 2026.7201885632305, 1999.732480361736, 1289.8865797884512, 1952.770654612625, 1928.239274961337, 1934.7953381089226, 1837.790460338768, 1234.489214141146, 1816.260492370119, 1822.286510991704, 1805.9072263083935, 1774.6590426229002, 1171.116863145229, 1705.5577687968052, 1739.9493468964063, 1702.091315015382, 1663.5318058606358, 1084.7179084424279, 1615.7349279311188, 1598.3375956563334, 1587.1782487992448, 1567.6574244177577, 1039.8571630053614, 1534.3513207298345, 1512.0379154036916, 1469.2366821356186, 1452.993019207825, 960.3218439095833, 1448.3864836500627, 1394.3372289372899, 1347.8267209399733, 1375.037789532681, 889.0730066636927, 1336.827496097341, 1326.4639329743238, 1286.8129308043733, 1228.9468929897484, 813.2931233883088, 1226.3881760249, 1221.7325801017137, 1193.011903298902, 1173.755058103133, 725.1827721574288, 1120.1049914204264, 1086.7152646481456, 1118.7105803092047, 1093.4517662097567, 678.8540522436759, 1075.3545315202305, 1015.8564154668281, 975.5878702346071, 971.1780899680293, 631.1791404376461, 941.1930549364345, 948.206751202014, 906.1266561857356, 914.4321525725705, 544.3570463929893, 850.7754503907231, 834.9336313695842, 826.0119109899797, 811.4602762014417, 532.0341345231376, 744.3637439740237, 754.737208541173, 774.7607676477343, 724.4133502370782, 474.2100679186805, 701.7888413556884, 670.5110310727565, 675.0348663171783, 663.7475501250381, 397.0526152134948, 593.6163298012104, 609.6750333112292, 586.2067378317469, 588.1772197740497, 384.4449156387576, 558.4029412230446, 528.5116134540872, 533.032687783572, 499.0210666863779, 318.6208870587475, 478.72858797980314, 480.3213624077264, 442.9528226179945, 444.26889249600646, 287.2290168242604, 421.4334443559327, 398.67536467110136, 393.8956727652076, 412.92574293655196, 226.9037069137089, 376.9895446963725, 346.70503408104696, 320.0720962900734, 335.183523254967, 218.9573831720368, 323.3773950651773, 275.9054411057155, 314.16672650493774, 268.71720641618674, 185.89900286584327, 257.28127926726455, 271.46904287936246, 247.1005099439954, 223.38973530864124, 166.36174704565414, 215.89193316650164, 211.6216584165734, 212.17414259936714, 218.61750967405698, 132.1473401340113, 190.1008020049136, 189.75896074415556, 182.1457305941749, 183.10251571560391, 103.54991637261733, 176.07946635917486, 148.79895698871772, 160.43044613582222, 161.93118503702695, 87.0528130913509, 153.231042716696, 152.25720465438397, 133.25384081349554, 129.3224495133039, 89.75892598333182, 144.17954862847384, 122.3566777993804, 127.17175595776571, 129.16119926857166, 85.99703376327899, 121.93449201338926, 126.0115184141082, 130.47557408780835, 123.63902881557912, 88.58699651368764, 128.79069185751027, 129.42144542935247, 128.34895789098806, 124.63516730943334, 86.8883385484776, 129.38381959406945, 124.88753212862981, 124.10437705477918, 136.08119133431887, 87.77379604378565, 136.84955198237787, 133.0389361309425, 116.2412826901821, 122.81060814992475, 83.32029344467406, 132.4428657417614, 130.5556211016563, 109.33895133616015, 119.2204596429361, 76.49643335636326, 117.97571164228592, 120.60779646038753, 117.74358186205231, 113.74918426240588, 78.66555338116157, 121.17355003569895, 107.77080225639692, 119.85805453167293, 120.95556357802536, 73.8510647426691, 115.38799588848532, 120.6813620154696, 105.0683025061618, 120.26171714798087, 72.40988580725313, 105.4722830209826, 111.16251095171161, 120.03636658770469, 112.93805876598158, 72.10210472691364, 106.34056265476367, 112.13693870666722, 99.7677778886661, 115.67493248227441, 77.75386996927074, 107.25695570868993, 113.54778736369818, 104.90354709996076, 105.48233107492766, 72.51761908992479, 112.62489599403045, 109.12044549177229, 102.22567252265247, 104.88923487507486, 66.28968636725025, 101.51936525376505, 108.39509929055147, 103.72854420437369, 105.40980127680254, 67.32913968234618, 96.5702042269991, 103.08751318705623, 102.70928107668078, 105.10930779991646, 69.71715787751785, 96.53066495593379, 96.09818403817883, 111.25813826471095, 100.89202281261996, 64.25372338104171, 104.01861258347742, 98.63282870038232, 95.2316561645404, 95.57034813208035, 67.51537838308013, 115.01796902758306, 92.95335467444217, 93.11986947398398, 94.06946706018874, 57.78832472673247, 88.30918730888428, 102.65036970282162, 92.83068376978538, 98.8587168438397, 62.099164654254096, 94.10045361101064, 92.06393289283169, 100.29303172023839, 96.04207893592816, 54.635136005261586, 86.63100567431651, 90.09079421109502, 93.37998014417752, 93.64803139090871, 65.78823746270547, 83.0111265799295, 90.42846639442293, 93.20432225195303, 92.1246999495406, 63.717278714432226, 91.06364939498758, 81.96314822080744, 92.98855784399322, 86.30886817254242, 62.80458899131769, 91.9824544741654, 87.83729293932817, 88.52729093447408, 84.48319943914399, 55.47222390010194, 90.07550764010536, 86.07150922126648, 89.2557092373309, 82.35110576894769, 53.70804280094275, 94.56599063801609, 77.80785651512126, 87.32427451228139, 83.42578747941735, 51.56813367943462, 83.80244676153808, 84.95423647920973, 86.65500820589673, 78.62372644236225, 54.07693932928347, 83.74346906202285, 78.03635442869043, 86.58889647399386, 81.34755725190372, 52.091347922923894, 75.72565176907807, 89.20863213540434, 76.3620921703442, 85.33656212587898, 49.01610278311932, 77.68897892908139, 76.61147100907795, 74.29163401890501, 84.56940358606721, 56.43258955144518, 83.470144817105, 80.84974627650422, 72.18582910715956, 76.31055257862083, 50.8588988211677, 70.54669811080599, 87.90908938592602, 77.86913017918457, 77.36735738617796, 44.28339428617348, 80.12171554911771, 75.01445549279964, 82.70617968346073, 71.01121254530663, 43.44558413784673, 67.56366436328393, 72.63986744645894, 82.324623536778, 80.5003331631915, 43.86491442650559, 76.31222010722655, 65.28579887138144, 70.03254991733942, 82.71815132709737, 47.554640164004574, 86.25989552512887, 70.48073977236062, 70.58774993613042, 63.99229211785888, 45.105698088017796, 60.96930000514021, 80.16156353726706, 75.89390614539305, 69.08654770491594, 45.14654561385099, 69.05226024475492, 71.63482978916015, 63.174041238532354, 76.0101891895303, 46.399068331416004, 71.39187335380709, 69.39328468897313, 73.30527293087067, 65.72406197217796, 41.89469480513473, 77.11333222525045, 68.00813394288302, 62.64607034548362, 64.5559583352441, 44.61651405959263, 66.32661659392865, 62.0742382725726, 68.19892795005616, 68.33445751759604, 47.403480056320134, 72.11919263804562, 62.27736162010272, 61.07574198217554, 71.53426038171771, 40.84782307521076, 69.83711201182436, 63.067865287498705, 59.04626805175804, 65.06548271813831, 46.58278254609758, 65.13357054452602, 55.771458282025144, 75.78759267800574, 56.502810886300765, 46.192400237375566, 70.96412563877341, 66.30035568345117, 53.738236771499515, 59.884156446050746, 44.55940089328983, 61.94596213444696, 62.50473093470534, 63.043729077360446, 58.78652213697678, 45.3160525415386, 59.68207419393313, 61.345487363818194, 58.646127973692636, 57.30996600825852, 50.87789586005337, 63.196579751385485, 55.96497367803599, 59.43466717754341, 63.80810496329726, 41.74077852083713, 69.2192555138098, 63.49929805088639, 62.329053597111184, 55.15581981263292, 30.45631698683984, 58.41083015440146, 66.58405951961382, 52.86896793453632, 62.59952008334888, 36.745793586137864, 58.35307416481488, 60.282697268330416, 61.59911024627385, 54.482918826931964, 39.03062133198735, 55.833801259950356, 58.388977141265755, 64.95922087426156, 57.20028133018856, 34.17231929002138, 56.47258533481642, 56.25385902972427, 55.244518777077694, 62.37345236471137, 37.370623835485446, 49.877953261829134, 55.03692850622135, 58.93952810240313, 56.35212458426807, 44.26571719152009, 58.02617554666368, 59.759057334826025, 50.42515195872658, 64.40574154163261, 28.992956542662473, 52.14213489698859, 54.37000452730306, 59.2050856497232, 58.383949146457816, 34.778091470349544, 52.81893671707907, 63.82818048645834, 48.989265483681464, 54.317584391993265, 36.127749068955254, 47.5723924443446, 60.881566216356916, 51.92049934247947, 64.60379276582293, 28.7412885064872, 48.79589728743314, 50.68028340407975, 50.374657054542745, 52.458518751386926, 48.79032721862261, 49.64410567185481, 57.78540984040846, 52.36539249910593, 51.65216427309358, 37.339083559920155, 56.7193459993921, 52.062086498849034, 54.803118112798956, 52.334526375332636, 30.722627483655845, 54.82871241632869, 51.11656421537841, 48.389104592895166, 53.27136281920059, 36.656802843734695, 45.19892879559881, 59.23019217583117, 45.519230053985645, 59.40697589428979, 33.11896131642644, 40.992547061481666, 62.38653892816299, 48.212777623969274, 48.08967260394605, 40.76674718881817, 50.70447954304563, 46.88424229471854, 56.41078056971022, 47.092884278278866, 37.4257476630208, 44.736485650145106, 54.22278997576249, 49.05702412176957, 50.07295803426888, 38.7131675653069, 55.97351503117639, 57.59878667182969, 47.97682313635533, 43.72777309621524, 29.915578674269298, 48.1376143710662, 56.17797049985415, 58.458187232431996, 47.55629288285118, 23.29147105042945, 50.92654091524538, 49.5707264129401, 38.77781584450304, 57.10258220988019, 35.888568224490484, 43.995066209869826, 44.585355509283026, 51.3632784511418, 50.94461135560021, 40.14235664541731, 51.899473426677446, 49.10936879745012, 41.3239035884574, 50.22306634871447, 37.26120119935543, 46.62102185888681, 49.71864928858873, 46.870046156038, 47.714136577041174, 37.90123093758084, 46.34821750088589, 46.034646165203434, 60.774992256474135, 45.90356915346721, 28.697928041814382, 49.21012153159663, 49.64262766768439, 45.555665660356055, 53.54132704375112, 28.941655424139274, 44.89041783463894, 56.01017273009661, 49.720122638681154, 45.8916881445483, 29.53269091585573, 48.691169892802655, 45.46337778165543, 52.194779671426446, 50.65800568937858, 28.407403078807917, 40.4833201364052, 45.926863847171774, 61.78363269705019, 44.81453785486327, 31.458960687066178, 51.371414676833076, 46.557073337046894, 47.01931458491906, 46.93201091981005, 31.775419112056515, 55.31119564202016, 42.21893877732374, 48.057335505412304, 45.49898668722442, 31.8509950571243, 52.12537777596493, 47.0699175794519, 46.156222683542794, 43.82286435007126, 33.06301230749883, 53.140644959933404, 47.38301513152432, 43.766129913306564, 49.53864041087995, 27.822953730162062]","[0.9999999999999999, 1.0, 1.0, 1.0, 1.0, 1.0, 0.9999999999999999, 1.0, 1.0, 0.9999999999999999, 1.0, 1.0, 1.0, 1.0, 0.9999999999999999, 0.9999999999999999, 1.0, 1.0, 1.0, 1.0, 0.9999999999999998, 0.9999999999999999, 1.0, 0.9999999999999998, 1.0, 1.0000000000000002, 1.0000000000000002, 0.9999999999999999, 0.9999999999999999, 1.0, 0.9999999999999999, 0.9999999999999998, 0.9999999999999999, 1.0, 1.0, 1.0, 1.0, 0.9999999999999999, 0.9999999999999999, 1.0, 1.0, 1.0, 1.0, 1.0, 1.0, 1.0, 1.0, 1.0, 1.0, 1.0, 0.9999999999999999, 1.0, 0.9999999999999999, 1.0000000000000002, 1.0, 1.0, 0.9999999999999999, 1.0, 1.0, 0.9999999999999999, 0.9999999999999999, 1.0, 0.9999999999999999, 1.0, 1.0, 0.9999999999999998, 0.9999999999999999, 1.0, 0.9999999999999999, 1.0, 1.0, 1.0, 1.0, 1.0, 1.0, 1.0, 1.0000000000000002, 0.9999999999999999, 1.0, 1.0, 0.9999999999999999, 1.0, 1.0, 1.0, 1.0, 1.0, 1.0, 0.9999999999999999, 1.0, 0.9999999999999999, 0.9999999999999999, 1.0, 0.9999999999999999, 1.0, 1.0, 1.0000000000000002, 1.0, 0.9999999999999999, 0.9999999999999999, 1.0, 1.0000000000000002, 1.0, 0.9999999999999999, 1.0, 1.0000000000000002, 1.0, 1.0, 1.0, 0.9999999999999999, 0.9999999999999999, 0.9999999999999999, 1.0, 0.9999999999999999, 1.0, 1.0, 1.0, 1.0, 1.0, 1.0, 1.0, 0.9999999999999999, 0.9999999999999999, 1.0, 1.0, 0.9999999999999999, 0.9999999999999999, 1.0, 0.9999999999999999, 1.0, 0.9999999999999999, 0.9999999999999999, 1.0, 1.0, 1.0, 1.0, 1.0, 0.9999999999999998, 1.0, 1.0000000000000002, 1.0, 1.0, 0.9999999999999999, 1.0, 0.9999999999999999, 1.0, 0.9999999999999998, 0.9999999999999999, 1.0, 0.9999999999999999, 1.0, 1.0, 1.0, 1.0, 0.9999999999999998, 1.0, 0.9999999999999999, 0.9999999999999999, 1.0, 1.0, 1.0, 1.0, 0.9999999999999999, 0.9999999999999999, 1.0, 1.0, 1.0, 0.9999999999999999, 1.0000000000000002, 1.0, 1.0, 1.0000000000000002, 0.9999999999999999, 0.9999999999999999, 0.9999999999999999, 1.0, 1.0, 1.0, 0.9999999999999999, 0.9999999999999998, 0.9999999999999999, 0.9999999999999999, 0.9999999999999999, 1.0000000000000002, 1.0, 1.0, 1.0, 1.0, 1.0, 1.0, 0.9999999999999999, 0.9999999999999999, 0.9999999999999999, 1.0, 1.0000000000000002, 1.0, 1.0, 1.0, 1.0, 0.9999999999999999, 1.0, 1.0, 1.0, 0.9999999999999999, 0.9999999999999999, 1.0, 1.0, 1.0, 0.9999999999999999, 1.0, 0.9999999999999999, 1.0, 1.0, 1.0, 1.0, 1.0, 1.0, 1.0, 1.0, 1.0, 1.0, 1.0, 0.9999999999999998, 1.0, 1.0, 1.0, 1.0, 0.9999999999999999, 1.0, 0.9999999999999999, 1.0, 1.0, 1.0, 0.9999999999999999, 1.0, 0.9999999999999998, 0.9999999999999999, 1.0, 1.0, 1.0, 1.0, 1.0, 1.0, 0.9999999999999999, 0.9999999999999998, 1.0, 1.0, 0.9999999999999999, 1.0, 0.9999999999999998, 0.9999999999999999, 0.9999999999999998, 1.0, 1.0, 1.0, 0.9999999999999999, 0.9999999999999999, 1.0, 1.0, 0.9999999999999999, 1.0, 1.0, 0.9999999999999999, 0.9999999999999999, 0.9999999999999999, 1.0, 0.9999999999999999, 0.9999999999999999, 0.9999999999999998, 1.0, 0.9999999999999999, 1.0, 0.9999999999999999, 1.0, 0.9999999999999999, 1.0, 0.9999999999999999, 1.0, 1.0, 1.0, 1.0, 1.0, 1.0, 1.0, 1.0, 0.9999999999999999, 1.0, 0.9999999999999999, 1.0, 1.0, 1.0, 0.9999999999999998, 1.0, 1.0, 1.0, 1.0, 0.9999999999999999, 1.0, 0.9999999999999999, 1.0, 1.0, 0.9999999999999999, 0.9999999999999998, 1.0, 0.9999999999999998, 1.0, 0.9999999999999998, 0.9999999999999999, 1.0, 0.9999999999999999, 0.9999999999999999, 1.0, 1.0, 1.0, 0.9999999999999999, 1.0, 1.0, 0.9999999999999999, 0.9999999999999999, 1.0, 1.0000000000000002, 1.0, 0.9999999999999998, 1.0, 1.0, 1.0, 0.9999999999999999, 0.9999999999999999, 0.9999999999999999, 1.0, 1.0, 0.9999999999999999, 1.0, 1.0, 1.0, 1.0, 1.0, 0.9999999999999999, 1.0, 1.0, 0.9999999999999999, 1.0, 1.0, 0.9999999999999999, 0.9999999999999999, 1.0, 1.0, 1.0, 0.9999999999999999, 1.0, 1.0, 0.9999999999999999, 1.0, 1.0000000000000002, 0.9999999999999999, 1.0, 1.0, 1.0000000000000002, 0.9999999999999999, 1.0, 0.9999999999999999, 1.0, 0.9999999999999999, 0.9999999999999999, 1.0, 1.0, 1.0, 1.0, 1.0, 1.0, 1.0, 1.0000000000000002, 1.0, 1.0, 0.9999999999999998, 0.9999999999999999, 0.9999999999999999, 1.0, 1.0, 1.0, 1.0, 0.9999999999999999, 1.0, 0.9999999999999999, 1.0, 0.9999999999999999, 1.0, 1.0, 0.9999999999999999, 0.9999999999999999, 1.0, 1.0, 1.0, 0.9999999999999999, 1.0, 1.0, 1.0000000000000002, 1.0, 1.0, 1.0, 1.0, 0.9999999999999999, 0.9999999999999999, 0.9999999999999999, 1.0, 0.9999999999999999, 0.9999999999999998, 1.0, 1.0, 0.9999999999999999, 1.0, 1.0, 0.9999999999999999, 1.0, 1.0, 1.0, 0.9999999999999999, 1.0, 1.0, 1.0, 1.0, 1.0, 1.0, 1.0, 1.0, 0.9999999999999998, 1.0, 1.0, 0.9999999999999999, 1.0, 0.9999999999999999, 1.0, 0.9999999999999999, 1.0, 0.9999999999999999, 0.9999999999999999, 1.0, 0.9999999999999999, 1.0, 0.9999999999999999, 1.0, 0.9999999999999999, 0.9999999999999999, 0.9999999999999999, 0.9999999999999999, 1.0, 0.9999999999999999, 0.9999999999999999, 1.0, 0.9999999999999998, 0.9999999999999999, 1.0, 0.9999999999999999, 1.0, 1.0, 1.0, 1.0, 0.9999999999999999, 0.9999999999999999, 1.0, 0.9999999999999999, 1.0, 1.0, 0.9999999999999999, 1.0, 1.0, 1.0, 0.9999999999999999, 0.9999999999999999, 1.0, 1.0, 0.9999999999999999, 1.0, 0.9999999999999999, 1.0, 0.9999999999999999, 1.0, 0.9999999999999999, 1.0, 1.0, 0.9999999999999999, 0.9999999999999999, 1.0, 0.9999999999999999, 1.0, 0.9999999999999999, 0.9999999999999998, 0.9999999999999998, 1.0, 1.0, 1.0, 1.0, 0.9999999999999999, 0.9999999999999999, 1.0, 1.0, 1.0, 1.0, 0.9999999999999999, 1.0, 0.9999999999999999, 0.9999999999999998, 1.0, 1.0, 0.9999999999999999, 1.0000000000000002, 1.0, 0.9999999999999999, 1.0000000000000002, 1.0, 1.0, 1.0, 0.9999999999999999, 1.0, 0.9999999999999999, 1.0, 1.0, 0.9999999999999999, 1.0, 1.0, 0.9999999999999999, 0.9999999999999999, 0.9999999999999999, 1.0, 0.9999999999999999, 1.0, 1.0, 1.0, 0.9999999999999999, 0.9999999999999999, 0.9999999999999999, 1.0, 1.0, 1.0, 1.0, 0.9999999999999999, 1.0, 1.0, 0.9999999999999999, 0.9999999999999999, 1.0, 0.9999999999999999, 1.0, 1.0, 1.0, 1.0, 0.9999999999999999, 1.0, 1.0, 1.0, 1.0, 0.9999999999999999, 1.0, 1.0, 1.0, 0.9999999999999999, 1.0, 0.9999999999999999, 1.0, 1.0, 0.9999999999999999, 1.0000000000000002, 0.9999999999999999, 1.0, 0.9999999999999999, 1.0, 1.0, 1.0, 1.0, 1.0, 0.9999999999999998, 1.0, 0.9999999999999999, 1.0, 1.0, 0.9999999999999998, 0.9999999999999999, 1.0, 1.0000000000000002, 0.9999999999999999, 0.9999999999999999, 1.0, 0.9999999999999999, 0.9999999999999999, 1.0000000000000002, 0.9999999999999999, 0.9999999999999999, 1.0, 1.0, 1.0, 1.0, 1.0, 1.0, 1.0, 0.9999999999999999, 0.9999999999999999, 1.0, 1.0, 1.0, 0.9999999999999999, 1.0, 1.0, 0.9999999999999999, 1.0, 0.9999999999999999, 0.9999999999999999, 1.0, 1.0, 1.0, 0.9999999999999999, 0.9999999999999999, 1.0000000000000002, 1.0, 1.0, 1.0, 1.0, 1.0, 0.9999999999999999, 0.9999999999999999, 0.9999999999999999, 1.0, 0.9999999999999999, 1.0, 1.0, 0.9999999999999999, 0.9999999999999999, 0.9999999999999999, 1.0, 1.0, 1.0, 1.0, 1.0, 0.9999999999999999, 0.9999999999999999, 1.0000000000000002, 0.9999999999999999, 1.0, 0.9999999999999999, 0.9999999999999999, 1.0, 0.9999999999999999, 0.9999999999999999, 1.0, 1.0, 1.0, 0.9999999999999999, 1.0, 1.0, 1.0, 1.0, 0.9999999999999999, 0.9999999999999998, 1.0, 1.0, 1.0, 1.0, 1.0, 0.9999999999999999, 1.0000000000000002, 1.0, 1.0, 1.0, 1.0, 1.0, 0.9999999999999999, 1.0, 0.9999999999999999, 0.9999999999999999, 1.0, 1.0, 1.0, 1.0, 0.9999999999999999, 1.0, 1.0, 1.0, 1.0, 0.9999999999999999, 1.0, 1.0000000000000002, 0.9999999999999999, 0.9999999999999998, 1.0, 1.0, 1.0, 1.0, 0.9999999999999999, 0.9999999999999999, 1.0, 1.0, 1.0, 1.0, 1.0, 0.9999999999999999, 1.0, 0.9999999999999999, 1.0, 1.0, 1.0, 1.0000000000000002, 0.9999999999999998, 1.0, 1.0, 1.0, 0.9999999999999998, 1.0, 1.0, 1.0, 1.0, 1.0, 1.0, 0.9999999999999999, 1.0, 1.0, 0.9999999999999999, 1.0, 1.0, 0.9999999999999999, 1.0, 1.0, 1.0, 0.9999999999999999, 1.0, 1.0, 0.9999999999999999, 1.0, 1.0, 0.9999999999999999, 0.9999999999999999, 0.9999999999999999, 1.0, 1.0, 1.0, 1.0, 1.0, 0.9999999999999999, 0.9999999999999999, 1.0, 0.9999999999999999, 0.9999999999999999, 1.0, 0.9999999999999999, 1.0, 1.0, 0.9999999999999999, 1.0, 1.0, 0.9999999999999998, 1.0, 1.0, 1.0000000000000002, 1.0, 1.0, 1.0, 1.0, 0.9999999999999999, 1.0, 1.0, 0.9999999999999999, 1.0, 1.0, 0.9999999999999999, 1.0, 0.9999999999999999, 0.9999999999999999, 0.9999999999999999, 1.0, 1.0, 0.9999999999999998, 1.0, 1.0, 1.0, 1.0, 1.0, 0.9999999999999999, 1.0, 1.0, 1.0, 1.0, 1.0, 1.0, 0.9999999999999999, 0.9999999999999999, 1.0, 1.0, 1.0, 1.0, 1.0, 1.0, 0.9999999999999999, 1.0, 0.9999999999999999, 0.9999999999999999, 0.9999999999999999, 1.0, 1.0, 1.0, 1.0, 1.0, 1.0, 1.0, 1.0, 1.0, 1.0, 0.9999999999999998, 1.0, 1.0, 1.0, 1.0, 0.9999999999999999, 1.0, 1.0, 0.9999999999999999, 1.0, 1.0, 1.0, 1.0, 0.9999999999999999, 1.0, 0.9999999999999999, 0.9999999999999999, 0.9999999999999999, 0.9999999999999998, 1.0, 1.0, 1.0, 0.9999999999999999, 1.0, 1.0, 0.9999999999999999, 0.9999999999999999, 0.9999999999999999, 1.0, 1.0, 0.9999999999999999, 1.0, 1.0, 1.0, 1.0, 1.0, 0.9999999999999999, 1.0, 0.9999999999999999, 0.9999999999999999, 0.9999999999999999, 0.9999999999999999, 0.9999999999999999, 1.0, 1.0, 1.0, 1.0, 1.0, 1.0, 0.9999999999999999, 0.9999999999999999, 0.9999999999999999, 1.0, 1.0, 1.0, 1.0, 1.0, 0.9999999999999999, 0.9999999999999999, 1.0, 1.0, 0.9999999999999999, 0.9999999999999999, 1.0, 0.9999999999999998, 0.9999999999999999, 1.0, 1.0, 1.0, 1.0, 1.0, 0.9999999999999998, 0.9999999999999999, 1.0, 1.0, 1.0, 0.9999999999999999, 0.9999999999999999, 1.0, 1.0, 1.0, 1.0, 0.9999999999999999, 1.0, 1.0, 0.9999999999999999, 1.0, 1.0, 1.0, 1.0, 0.9999999999999999, 1.0, 1.0, 1.0, 1.0, 1.0, 1.0, 1.0000000000000002, 1.0, 1.0, 0.9999999999999999, 1.0, 1.0, 0.9999999999999999, 0.9999999999999999, 1.0, 1.0, 1.0, 1.0, 1.0, 1.0, 1.0, 0.9999999999999999, 1.0, 1.0, 0.9999999999999999, 0.9999999999999999, 1.0, 1.0, 0.9999999999999999, 1.0, 0.9999999999999998, 0.9999999999999999, 1.0, 1.0, 0.9999999999999999, 0.9999999999999999, 0.9999999999999999, 1.0, 1.0, 1.0, 0.9999999999999999, 0.9999999999999999, 1.0, 1.0, 1.0, 0.9999999999999999, 0.9999999999999999, 1.0, 1.0000000000000002, 0.9999999999999999, 1.0, 1.0, 1.0, 1.0, 1.0, 0.9999999999999999, 1.0, 0.9999999999999998, 1.0, 1.0, 0.9999999999999999, 1.0, 1.0, 1.0, 0.9999999999999999, 1.0, 0.9999999999999999, 1.0, 1.0, 1.0, 1.0, 1.0, 1.0, 0.9999999999999999, 1.0, 0.9999999999999999, 1.0, 0.9999999999999999, 1.0, 1.0, 1.0, 0.9999999999999999, 1.0, 0.9999999999999999, 0.9999999999999999, 1.0, 1.0, 1.0, 0.9999999999999998, 1.0, 1.0, 0.9999999999999999, 1.0, 1.0000000000000002, 1.0, 0.9999999999999999, 1.0, 0.9999999999999999, 1.0, 1.0, 0.9999999999999999, 1.0, 1.0, 1.0, 1.0, 1.0, 1.0, 1.0, 1.0, 0.9999999999999999, 1.0, 1.0, 1.0000000000000002, 1.0, 1.0, 0.9999999999999999, 0.9999999999999999, 1.0, 0.9999999999999999, 1.0, 1.0, 0.9999999999999998, 1.0, 1.0, 1.0, 1.0, 1.0, 1.0, 1.0, 1.0, 1.0, 1.0000000000000002, 1.0, 0.9999999999999999, 1.0, 0.9999999999999999, 1.0, 1.0, 0.9999999999999998, 0.9999999999999998, 1.0, 1.0, 1.0, 1.0, 0.9999999999999999, 0.9999999999999999, 0.9999999999999999, 1.0, 1.0, 1.0, 0.9999999999999998, 1.0, 0.9999999999999998, 1.0, 1.0, 1.0, 1.0, 0.9999999999999999, 1.0, 0.9999999999999999, 1.0000000000000002, 1.0, 1.0, 1.0, 1.0, 1.0, 1.0, 0.9999999999999998, 1.0, 1.0, 1.0, 1.0, 0.9999999999999998, 1.0000000000000002, 1.0, 0.9999999999999999, 0.9999999999999999, 0.9999999999999999, 0.9999999999999999, 0.9999999999999999, 1.0, 1.0, 0.9999999999999999, 1.0, 1.0, 0.9999999999999998, 0.9999999999999999, 1.0, 1.0, 1.0, 1.0, 1.0000000000000002, 0.9999999999999999, 0.9999999999999999, 0.9999999999999999, 0.9999999999999999, 0.9999999999999999, 1.0, 1.0, 1.0, 1.0000000000000002, 1.0, 0.9999999999999998, 1.0, 1.0, 0.9999999999999999, 1.0, 0.9999999999999999, 1.0, 1.0, 0.9999999999999999, 1.0, 0.9999999999999999, 1.0, 1.0, 0.9999999999999999, 1.0, 1.0, 1.0, 0.9999999999999999, 1.0, 1.0000000000000002, 1.0, 1.0, 1.0, 1.0, 1.0, 1.0, 1.0, 1.0, 0.9999999999999999, 0.9999999999999999, 1.0, 1.0, 1.0, 1.0, 1.0, 1.0, 1.0, 1.0, 1.0, 1.0, 0.9999999999999999, 1.0, 1.0, 1.0, 0.9999999999999999, 0.9999999999999999, 1.0, 1.0, 0.9999999999999999, 1.0, 1.0, 0.9999999999999999, 1.0, 1.0, 0.9999999999999999, 1.0, 0.9999999999999999, 1.0, 1.0, 1.0, 1.0, 1.0, 0.9999999999999998, 1.0, 0.9999999999999999, 1.0, 0.9999999999999999, 1.0, 0.9999999999999999, 1.0, 1.0, 1.0, 1.0, 1.0, 1.0, 1.0, 1.0, 1.0, 0.9999999999999998, 0.9999999999999999, 1.0, 1.0, 1.0, 1.0, 0.9999999999999999, 0.9999999999999999, 0.9999999999999999, 0.9999999999999999, 0.9999999999999999, 0.9999999999999999, 1.0000000000000002, 1.0, 1.0, 0.9999999999999999, 1.0, 1.0, 1.0, 1.0, 1.0, 1.0, 1.0, 1.0, 0.9999999999999999, 1.0, 0.9999999999999999, 1.0, 1.0, 0.9999999999999999, 1.0, 1.0, 1.0000000000000002, 1.0000000000000002, 1.0, 0.9999999999999999, 1.0, 1.0, 1.0, 1.0, 1.0, 1.0000000000000002, 0.9999999999999999, 1.0, 1.0, 0.9999999999999999, 0.9999999999999999, 1.0, 1.0, 1.0, 1.0, 1.0, 1.0, 1.0, 1.0, 1.0, 1.0, 1.0, 1.0, 0.9999999999999999, 1.0, 1.0, 1.0, 1.0, 1.0, 0.9999999999999999, 1.0, 1.0, 1.0, 0.9999999999999999, 1.0, 1.0, 1.0, 1.0, 1.0, 1.0, 1.0, 1.0, 0.9999999999999999, 1.0, 1.0, 1.0, 1.0, 0.9999999999999999, 1.0, 0.9999999999999999, 0.9999999999999999, 0.9999999999999999, 1.0, 0.9999999999999998, 0.9999999999999999, 1.0, 1.0, 1.0, 1.0, 1.0, 1.0, 1.0, 1.0, 0.9999999999999999, 0.9999999999999999, 1.0, 0.9999999999999999, 1.0, 0.9999999999999999, 0.9999999999999999, 1.0, 0.9999999999999998, 1.0, 1.0, 1.0, 1.0, 0.9999999999999999, 1.0, 0.9999999999999999, 1.0000000000000002, 0.9999999999999999, 0.9999999999999998, 1.0, 1.0, 0.9999999999999999, 1.0, 0.9999999999999999, 1.0, 1.0, 1.0, 0.9999999999999999, 1.0000000000000002, 0.9999999999999999, 1.0000000000000002, 1.0, 1.0, 1.0, 1.0, 1.0, 1.0, 1.0, 1.0, 0.9999999999999999, 0.9999999999999998, 1.0, 1.0, 1.0, 1.0, 0.9999999999999999, 0.9999999999999999, 1.0, 1.0, 1.0, 1.0, 1.0, 1.0, 1.0, 1.0, 1.0, 0.9999999999999999, 1.0, 1.0, 1.0, 0.9999999999999999, 0.9999999999999999, 1.0, 1.0, 0.9999999999999999, 0.9999999999999999, 0.9999999999999999, 1.0, 1.0, 1.0000000000000002, 1.0, 0.9999999999999999, 1.0, 1.0, 1.0, 0.9999999999999999, 0.9999999999999999, 1.0, 0.9999999999999999, 0.9999999999999999, 0.9999999999999999, 1.0, 1.0, 1.0, 1.0, 0.9999999999999999, 0.9999999999999998, 1.0, 1.0, 0.9999999999999999, 1.0, 1.0, 1.0000000000000002, 1.0, 0.9999999999999998, 1.0, 0.9999999999999999, 0.9999999999999999, 1.0, 1.0, 1.0, 1.0, 0.9999999999999999, 1.0, 1.0, 1.0, 0.9999999999999999, 0.9999999999999999, 0.9999999999999999, 0.9999999999999999, 1.0, 0.9999999999999999, 1.0, 0.9999999999999999, 0.9999999999999999, 1.0000000000000002, 1.0, 1.0, 1.0, 0.9999999999999999, 1.0, 0.9999999999999999, 1.0, 1.0, 1.0, 1.0, 0.9999999999999999, 0.9999999999999999, 1.0, 1.0, 1.0, 1.0, 1.0, 1.0, 0.9999999999999999, 1.0, 1.0, 1.0, 1.0, 1.0, 1.0, 1.0, 0.9999999999999999, 0.9999999999999999, 1.0, 1.0, 1.0, 0.9999999999999999, 1.0, 0.9999999999999999, 1.0, 1.0, 0.9999999999999998, 1.0, 1.0, 0.9999999999999999, 1.0, 1.0, 1.0, 1.0, 1.0, 1.0, 1.0, 1.0, 1.0, 1.0, 0.9999999999999999, 1.0, 1.0, 1.0, 1.0, 1.0, 1.0, 1.0, 0.9999999999999999, 1.0, 0.9999999999999999, 0.9999999999999999, 0.9999999999999999, 1.0000000000000002, 1.0, 1.0000000000000002, 1.0, 0.9999999999999999, 0.9999999999999999, 1.0, 1.0, 1.0, 1.0, 1.0, 0.9999999999999999, 1.0, 0.9999999999999998, 0.9999999999999999, 0.9999999999999999, 0.9999999999999999, 0.9999999999999998, 1.0, 1.0, 1.0, 1.0, 1.0, 1.0, 1.0, 1.0, 1.0, 0.9999999999999999, 1.0, 1.0, 1.0, 0.9999999999999999, 1.0000000000000002, 1.0, 0.9999999999999999, 1.0, 0.9999999999999999, 0.9999999999999999, 0.9999999999999999, 1.0, 1.0, 1.0, 1.0, 1.0, 1.0, 0.9999999999999999, 1.0, 0.9999999999999999]","[0.001, 0.001, 0.001, 0.001, 0.001, 0.001, 0.001, 0.001, 0.001, 0.001, 0.001, 0.001, 0.001, 0.001, 0.001, 0.001, 0.001, 0.001, 0.001, 0.001, 0.001, 0.001, 0.001, 0.001, 0.001, 0.001, 0.001, 0.001, 0.001, 0.001, 0.001, 0.001, 0.001, 0.001, 0.001, 0.001, 0.001, 0.001, 0.001, 0.001, 0.001, 0.001, 0.001, 0.001, 0.001, 0.001, 0.001, 0.001, 0.001, 0.001, 0.001, 0.001, 0.001, 0.001, 0.001, 0.001, 0.001, 0.001, 0.001, 0.001, 0.001, 0.001, 0.001, 0.001, 0.001, 0.001, 0.001, 0.001, 0.001, 0.001, 0.001, 0.001, 0.001, 0.001, 0.001, 0.001, 0.001, 0.001, 0.001, 0.001, 0.001, 0.001, 0.001, 0.001, 0.001, 0.001, 0.001, 0.001, 0.001, 0.001, 0.001, 0.001, 0.001, 0.001, 0.001, 0.001, 0.001, 0.001, 0.001, 0.001, 0.001, 0.001, 0.001, 0.001, 0.001, 0.001, 0.001, 0.001, 0.001, 0.001, 0.001, 0.001, 0.001, 0.001, 0.001, 0.001, 0.001, 0.001, 0.001, 0.001, 0.001, 0.001, 0.001, 0.001, 0.001, 0.001, 0.001, 0.001, 0.001, 0.001, 0.001, 0.001, 0.001, 0.001, 0.001, 0.001, 0.001, 0.001, 0.001, 0.001, 0.001, 0.001, 0.001, 0.001, 0.001, 0.001, 0.001, 0.001, 0.001, 0.001, 0.001, 0.001, 0.001, 0.001, 0.001, 0.001, 0.001, 0.001, 0.001, 0.001, 0.001, 0.001, 0.001, 0.001, 0.001, 0.001, 0.001, 0.001, 0.001, 0.001, 0.001, 0.001, 0.001, 0.001, 0.001, 0.001, 0.001, 0.001, 0.001, 0.001, 0.001, 0.001, 0.001, 0.001, 0.001, 0.001, 0.001, 0.001, 0.001, 0.001, 0.001, 0.001, 0.001, 0.001, 0.001, 0.001, 0.001, 0.001, 0.001, 0.001, 0.001, 0.001, 0.001, 0.001, 0.001, 0.001, 0.001, 0.001, 0.001, 0.001, 0.001, 0.001, 0.001, 0.001, 0.001, 0.001, 0.001, 0.001, 0.001, 0.001, 0.001, 0.001, 0.001, 0.001, 0.001, 0.001, 0.001, 0.001, 0.001, 0.001, 0.001, 0.001, 0.001, 0.001, 0.001, 0.001, 0.001, 0.001, 0.001, 0.001, 0.001, 0.001, 0.001, 0.001, 0.001, 0.001, 0.001, 0.001, 0.001, 0.001, 0.001, 0.001, 0.001, 0.001, 0.001, 0.001, 0.001, 0.001, 0.001, 0.001, 0.001, 0.001, 0.001, 0.001, 0.001, 0.001, 0.001, 0.001, 0.001, 0.001, 0.001, 0.001, 0.001, 0.001, 0.001, 0.001, 0.001, 0.001, 0.001, 0.001, 0.001, 0.001, 0.001, 0.001, 0.001, 0.001, 0.001, 0.001, 0.001, 0.001, 0.001, 0.001, 0.001, 0.001, 0.001, 0.001, 0.001, 0.001, 0.001, 0.001, 0.001, 0.001, 0.001, 0.001, 0.001, 0.001, 0.001, 0.001, 0.001, 0.001, 0.001, 0.001, 0.001, 0.001, 0.001, 0.001, 0.001, 0.001, 0.001, 0.001, 0.001, 0.001, 0.001, 0.001, 0.001, 0.001, 0.001, 0.001, 0.001, 0.001, 0.001, 0.001, 0.001, 0.001, 0.001, 0.001, 0.001, 0.001, 0.001, 0.001, 0.001, 0.001, 0.001, 0.001, 0.001, 0.001, 0.001, 0.001, 0.001, 0.001, 0.001, 0.001, 0.001, 0.001, 0.001, 0.001, 0.001, 0.001, 0.001, 0.001, 0.001, 0.001, 0.001, 0.001, 0.001, 0.001, 0.001, 0.001, 0.001, 0.001, 0.001, 0.001, 0.001, 0.001, 0.001, 0.001, 0.001, 0.001, 0.001, 0.001, 0.001, 0.001, 0.001, 0.001, 0.001, 0.001, 0.001, 0.001, 0.001, 0.001, 0.001, 0.001, 0.001, 0.001, 0.001, 0.001, 0.001, 0.001, 0.001, 0.001, 0.001, 0.001, 0.001, 0.001, 0.001, 0.001, 0.001, 0.001, 0.001, 0.001, 0.001, 0.001, 0.001, 0.001, 0.001, 0.001, 0.001, 0.001, 0.001, 0.001, 0.001, 0.001, 0.001, 0.001, 0.001, 0.001, 0.001, 0.001, 0.001, 0.001, 0.001, 0.001, 0.001, 0.001, 0.001, 0.001, 0.001, 0.001, 0.001, 0.001, 0.001, 0.001, 0.001, 0.001, 0.001, 0.001, 0.001, 0.001, 0.001, 0.001, 0.001, 0.001, 0.001, 0.001, 0.001, 0.001, 0.001, 0.001, 0.001, 0.001, 0.001, 0.001, 0.001, 0.001, 0.001, 0.001, 0.001, 0.001, 0.001, 0.001, 0.001, 0.001, 0.001, 0.001, 0.001, 0.001, 0.001, 0.001, 0.001, 0.001, 0.001, 0.001, 0.001, 0.001, 0.001, 0.001, 0.001, 0.001, 0.001, 0.001, 0.001, 0.001, 0.001, 0.001, 0.001, 0.001, 0.001, 0.001, 0.001, 0.001, 0.001, 0.001, 0.001, 0.001, 0.001, 0.001, 0.001, 0.001, 0.001, 0.001, 0.001, 0.001, 0.001, 0.001, 0.001, 0.001, 0.001, 0.001, 0.001, 0.001, 0.001, 0.001, 0.001, 0.001, 0.001, 0.001, 0.001, 0.001, 0.001, 0.001, 0.001, 0.001, 0.001, 0.001, 0.001, 0.001, 0.001, 0.001, 0.001, 0.001, 0.001, 0.001, 0.001, 0.001, 0.001, 0.001, 0.001, 0.001, 0.001, 0.001, 0.001, 0.001, 0.001, 0.001, 0.001, 0.001, 0.001, 0.001, 0.001, 0.001, 0.001, 0.001, 0.001, 0.001, 0.001, 0.001, 0.001, 0.001, 0.001, 0.001, 0.001, 0.001, 0.001, 0.001, 0.001, 0.001, 0.001, 0.001, 0.001, 0.001, 0.001, 0.001, 0.001, 0.001, 0.001, 0.001, 0.001, 0.001, 0.001, 0.001, 0.001, 0.001, 0.001, 0.001, 0.001, 0.001, 0.001, 0.001, 0.001, 0.001, 0.001, 0.001, 0.001, 0.001, 0.001, 0.001, 0.001, 0.001, 0.001, 0.001, 0.001, 0.001, 0.001, 0.001, 0.001, 0.001, 0.001, 0.001, 0.001, 0.001, 0.001, 0.001, 0.001, 0.001, 0.001, 0.001, 0.001, 0.001, 0.001, 0.001, 0.001, 0.001, 0.001, 0.001, 0.001, 0.001, 0.001, 0.001, 0.001, 0.001, 0.001, 0.001, 0.001, 0.001, 0.001, 0.001, 0.001, 0.001, 0.001, 0.001, 0.001, 0.001, 0.001, 0.001, 0.001, 0.001, 0.001, 0.001, 0.001, 0.001, 0.001, 0.001, 0.001, 0.001, 0.001, 0.001, 0.001, 0.001, 0.001, 0.001, 0.001, 0.001, 0.001, 0.001, 0.001, 0.001, 0.001, 0.001, 0.001, 0.001, 0.001, 0.001, 0.001, 0.001, 0.001, 0.001, 0.001, 0.001, 0.001, 0.001, 0.001, 0.001, 0.001, 0.001, 0.001, 0.001, 0.001, 0.001, 0.001, 0.001, 0.001, 0.001, 0.001, 0.001, 0.001, 0.001, 0.001, 0.001, 0.001, 0.001, 0.001, 0.001, 0.001, 0.001, 0.001, 0.001, 0.001, 0.001, 0.001, 0.001, 0.001, 0.001, 0.001, 0.001, 0.001, 0.001, 0.001, 0.001, 0.001, 0.001, 0.001, 0.001, 0.001, 0.001, 0.001, 0.001, 0.001, 0.001, 0.001, 0.001, 0.001, 0.001, 0.001, 0.001, 0.001, 0.001, 0.001, 0.001, 0.001, 0.001, 0.001, 0.001, 0.001, 0.001, 0.001, 0.001, 0.001, 0.001, 0.001, 0.001, 0.001, 0.001, 0.001, 0.001, 0.001, 0.001, 0.001, 0.001, 0.001, 0.001, 0.001, 0.001, 0.001, 0.001, 0.001, 0.001, 0.001, 0.001, 0.001, 0.001, 0.001, 0.001, 0.001, 0.001, 0.001, 0.001, 0.001, 0.001, 0.001, 0.001, 0.001, 0.001, 0.001, 0.001, 0.001, 0.001, 0.001, 0.001, 0.001, 0.001, 0.001, 0.001, 0.001, 0.001, 0.001, 0.001, 0.001, 0.001, 0.001, 0.001, 0.001, 0.001, 0.001, 0.001, 0.001, 0.001, 0.001, 0.001, 0.001, 0.001, 0.001, 0.001, 0.001, 0.001, 0.001, 0.001, 0.001, 0.001, 0.001, 0.001, 0.001, 0.001, 0.001, 0.001, 0.001, 0.001, 0.001, 0.001, 0.001, 0.001, 0.001, 0.001, 0.001, 0.001, 0.001, 0.001, 0.001, 0.001, 0.001, 0.001, 0.001, 0.001, 0.001, 0.001, 0.001, 0.001, 0.001, 0.001, 0.001, 0.001, 0.001, 0.001, 0.001, 0.001, 0.001, 0.001, 0.001, 0.001, 0.001, 0.001, 0.001, 0.001, 0.001, 0.001, 0.001, 0.001, 0.001, 0.001, 0.001, 0.001, 0.001, 0.001, 0.001, 0.001, 0.001, 0.001, 0.001, 0.001, 0.001, 0.001, 0.001, 0.001, 0.001, 0.001, 0.001, 0.001, 0.001, 0.001, 0.001, 0.001, 0.001, 0.001, 0.001, 0.001, 0.001, 0.001, 0.001, 0.001, 0.001, 0.001, 0.001, 0.001, 0.001, 0.001, 0.001, 0.001, 0.001, 0.001, 0.001, 0.001, 0.001, 0.001, 0.001, 0.001, 0.001, 0.001, 0.001, 0.001, 0.001, 0.001, 0.001, 0.001, 0.001, 0.001, 0.001, 0.001, 0.001, 0.001, 0.001, 0.001, 0.001, 0.001, 0.001, 0.001, 0.001, 0.001, 0.001, 0.001, 0.001, 0.001, 0.001, 0.001, 0.001, 0.001, 0.001, 0.001, 0.001, 0.001, 0.001, 0.001, 0.001, 0.001, 0.001, 0.001, 0.001, 0.001, 0.001, 0.001, 0.001, 0.001, 0.001, 0.001, 0.001, 0.001, 0.001, 0.001, 0.001, 0.001, 0.001, 0.001, 0.001, 0.001, 0.001, 0.001, 0.001, 0.001, 0.001, 0.001, 0.001, 0.001, 0.001, 0.001, 0.001, 0.001, 0.001, 0.001, 0.001, 0.001, 0.001, 0.001, 0.001, 0.001, 0.001, 0.001, 0.001, 0.001, 0.001, 0.001, 0.001, 0.001, 0.001, 0.001, 0.001, 0.001, 0.001, 0.001, 0.001, 0.001, 0.001, 0.001, 0.001, 0.001, 0.001, 0.001, 0.001, 0.001, 0.001, 0.001, 0.001, 0.001, 0.001, 0.001, 0.001, 0.001, 0.001, 0.001, 0.001, 0.001, 0.001, 0.001, 0.001, 0.001, 0.001, 0.001, 0.001, 0.001, 0.001, 0.001, 0.001, 0.001, 0.001, 0.001, 0.001, 0.001, 0.001, 0.001, 0.001, 0.001, 0.001, 0.001, 0.001, 0.001, 0.001, 0.001, 0.001, 0.001, 0.001, 0.001, 0.001, 0.001, 0.001, 0.001, 0.001, 0.001, 0.001, 0.001, 0.001, 0.001, 0.001, 0.001, 0.001, 0.001, 0.001, 0.001, 0.001, 0.001, 0.001, 0.001, 0.001, 0.001, 0.001, 0.001, 0.001, 0.001, 0.001, 0.001, 0.001, 0.001, 0.001, 0.001, 0.001, 0.001, 0.001, 0.001, 0.001, 0.001, 0.001, 0.001, 0.001, 0.001, 0.001, 0.001, 0.001, 0.001, 0.001, 0.001, 0.001, 0.001, 0.001, 0.001, 0.001, 0.001, 0.001, 0.001, 0.001, 0.001, 0.001, 0.001, 0.001, 0.001, 0.001, 0.001, 0.001, 0.001, 0.001, 0.001, 0.001, 0.001, 0.001, 0.001, 0.001, 0.001, 0.001, 0.001, 0.001, 0.001, 0.001, 0.001, 0.001, 0.001, 0.001, 0.001, 0.001, 0.001, 0.001, 0.001, 0.001, 0.001, 0.001, 0.001, 0.001, 0.001, 0.001, 0.001, 0.001, 0.001, 0.001, 0.001, 0.001, 0.001, 0.001, 0.001, 0.001, 0.001, 0.001, 0.001, 0.001, 0.001, 0.001, 0.001, 0.001, 0.001, 0.001, 0.001, 0.001, 0.001, 0.001, 0.001, 0.001, 0.001, 0.001, 0.001, 0.001, 0.001, 0.001, 0.001, 0.001, 0.001, 0.001, 0.001, 0.001, 0.001, 0.001, 0.001, 0.001, 0.001, 0.001, 0.001, 0.001, 0.001, 0.001, 0.001, 0.001, 0.001, 0.001, 0.001, 0.001, 0.001, 0.001, 0.001, 0.001, 0.001, 0.001, 0.001, 0.001, 0.001, 0.001, 0.001, 0.001, 0.001, 0.001, 0.001, 0.001, 0.001, 0.001, 0.001, 0.001, 0.001, 0.001, 0.001, 0.001, 0.001, 0.001, 0.001, 0.001, 0.001, 0.001, 0.001, 0.001, 0.001, 0.001, 0.001, 0.001, 0.001, 0.001, 0.001, 0.001, 0.001, 0.001, 0.001, 0.001, 0.001, 0.001, 0.001, 0.001, 0.001, 0.001, 0.001, 0.001, 0.001, 0.001, 0.001, 0.001, 0.001, 0.001, 0.001, 0.001, 0.001, 0.001, 0.001, 0.001, 0.001, 0.001, 0.001, 0.001, 0.001, 0.001, 0.001, 0.001, 0.001, 0.001, 0.001, 0.001, 0.001, 0.001, 0.001, 0.001, 0.001, 0.001, 0.001, 0.001, 0.001, 0.001, 0.001, 0.001, 0.001, 0.001, 0.001, 0.001, 0.001, 0.001, 0.001, 0.001, 0.001, 0.001, 0.001, 0.001, 0.001, 0.001, 0.001, 0.001, 0.001, 0.001, 0.001, 0.001, 0.001, 0.001, 0.001, 0.001, 0.001, 0.001, 0.001, 0.001, 0.001, 0.001, 0.001, 0.001, 0.001, 0.001, 0.001, 0.001, 0.001, 0.001, 0.001, 0.001, 0.001, 0.001, 0.001, 0.001, 0.001, 0.001, 0.001, 0.001, 0.001, 0.001, 0.001, 0.001, 0.001, 0.001, 0.001, 0.001, 0.001, 0.001, 0.001, 0.001, 0.001, 0.001, 0.001, 0.001, 0.001, 0.001, 0.001, 0.001, 0.001, 0.001, 0.001, 0.001, 0.001, 0.001, 0.001, 0.001, 0.001, 0.001, 0.001, 0.001, 0.001, 0.001, 0.001, 0.001, 0.001, 0.001, 0.001, 0.001, 0.001, 0.001, 0.001, 0.001, 0.001, 0.001, 0.001, 0.001, 0.001, 0.001, 0.001, 0.001, 0.001, 0.001, 0.001, 0.001, 0.001, 0.001, 0.001, 0.001, 0.001, 0.001, 0.001, 0.001, 0.001, 0.001, 0.001, 0.001, 0.001, 0.001, 0.001, 0.001, 0.001, 0.001, 0.001, 0.001, 0.001, 0.001, 0.001, 0.001, 0.001, 0.001, 0.001, 0.001, 0.001, 0.001, 0.001, 0.001, 0.001, 0.001, 0.001, 0.001, 0.001, 0.001, 0.001, 0.001, 0.001, 0.001, 0.001, 0.001, 0.001, 0.001, 0.001, 0.001, 0.001, 0.001, 0.001, 0.001, 0.001, 0.001, 0.001, 0.001, 0.001, 0.001, 0.001, 0.001, 0.001, 0.001, 0.001, 0.001, 0.001, 0.001, 0.001, 0.001, 0.001, 0.001, 0.001, 0.001, 0.001, 0.001, 0.001, 0.001, 0.001, 0.001, 0.001, 0.001, 0.001, 0.001, 0.001, 0.001, 0.001, 0.001, 0.001, 0.001, 0.001, 0.001, 0.001]"
3,0.03512197609711649,1.1342922132135378,0.06368812917827199,1.5637436809851477,299.690425965935,1500,299,33.66719587862855,"[13212.247314353332, 13263.318474358346, 12827.843651479754, 13378.16047489376, 8833.482225938218, 13279.421875618322, 13037.286586265105, 13237.186786804012, 13276.10784474434, 8536.2927098316, 13057.384045171588, 12991.684322489062, 13164.688272948784, 13234.244073019465, 8769.111357778209, 12950.473259747287, 13041.189493319816, 13107.862944929924, 13192.092328856364, 8776.447967981294, 13203.18552349378, 13254.346435755722, 13245.27470861627, 12877.34829645895, 8339.336454341237, 13243.067218113087, 13064.659423955718, 12908.416223918182, 12965.856500811236, 8588.098434347772, 12919.823989715263, 13069.095950051078, 13097.137532286324, 13093.341638697624, 8441.261757169974, 13116.733980436318, 13278.28839595022, 12732.967394881176, 12794.7456627793, 8548.641896719964, 13114.98004959102, 13107.872456978854, 12872.02037232748, 12777.030219418892, 8449.935472606772, 12604.487349835757, 12859.200820776323, 13289.613402341485, 12951.632551500044, 8466.821020584073, 13102.72704404679, 12868.710081724766, 12901.978107611376, 12789.095424188357, 8359.866369755973, 13064.250466570747, 12764.845539365388, 12860.5031581812, 12795.40764974951, 8387.523208625911, 12813.129210882962, 12763.489445628175, 12875.52075980845, 12955.094782324555, 8315.346871956674, 12728.567361799885, 12835.769594194824, 12744.025356158136, 12810.694346014161, 8453.65809993761, 12801.270163773574, 13027.261661105145, 12493.184691476941, 12851.579200775906, 8249.833540505937, 12649.798810675235, 12850.623477264406, 12614.338681228573, 12748.303942468307, 8410.053935769482, 12709.766560532373, 12712.123030748913, 12582.567641964437, 12653.733437759725, 8465.083803340482, 12717.111722520085, 12829.100185310086, 12518.99181124599, 12650.237802725738, 8258.048759082732, 12914.132239754963, 12559.625216920127, 12360.572761456373, 12638.467021705843, 8350.594233923954, 12697.18066171013, 12555.9043349176, 12324.243292349085, 12861.024610935003, 8234.613003757366, 12411.13277318092, 12710.738601832418, 12575.451253010557, 12629.887059102206, 8195.145621163801, 12683.723519260322, 12689.040712788465, 12274.427790730237, 12472.948338910306, 8251.506906323855, 12843.47721395774, 12455.544873974692, 12501.85915520197, 12385.643160201153, 8034.080547631806, 12681.38092107601, 12445.632037517385, 12500.840283591038, 12192.103588916158, 8248.898548436136, 12576.119446263101, 12500.606160506415, 12591.494315717036, 12178.080490597686, 8070.693279455743, 12194.674523130427, 12325.752212557913, 12721.357439045536, 12342.866783698477, 8179.653777852095, 12342.398741227662, 12420.773986992634, 12371.290111537975, 12452.24063173425, 8025.1952321918225, 12139.319886566298, 12478.841963567695, 12368.131680799612, 12246.335492455266, 8226.191045487341, 12322.409296183994, 12016.984008563142, 12423.975209130625, 12288.685013334209, 8253.494687172439, 12315.139861501739, 12170.80924149215, 12301.853606315142, 12403.560811991018, 7960.814093415004, 12330.340113812954, 12053.740949923682, 12342.323521509665, 12205.970950353467, 8065.84645612876, 12488.118736994584, 12134.198186524365, 12137.293315376917, 12251.005834272497, 7833.535138400083, 12019.827887416304, 12132.296673810877, 12367.847112795378, 12238.310405035956, 7930.699938840225, 12183.273469181095, 12198.84637410978, 12151.071953520213, 11936.160967491276, 8064.500344576375, 12285.028939296284, 11904.750095113446, 11950.060095592475, 12251.024913605528, 7987.1310145783655, 12138.603348873054, 12078.461908844494, 11814.91248980653, 12353.58471523276, 7836.17287899377, 11956.33569283773, 12245.574882012215, 11710.631323236432, 12218.0501441148, 7934.3173955626735, 12076.353458883303, 11766.777835829913, 12212.731097937052, 11999.115067714918, 7852.868942692043, 11861.55375101012, 12130.025027585456, 12142.122938207636, 11797.672203922348, 7819.098178801967, 11959.811567386803, 11815.46470892791, 12095.632985114948, 11919.844770055593, 7801.932253301337, 11920.46537313956, 11938.312787883246, 11684.227166389484, 12058.624876569005, 7833.095436360781, 11824.837427518925, 11853.818293165981, 11892.634004607291, 11932.113944999834, 7773.23244060139, 11813.995055235846, 11827.134267446707, 11958.357344448072, 11822.151367084301, 7696.8384345528475, 11618.01351772404, 11765.433482105784, 11941.216407612672, 11866.74017486886, 7768.399191488577, 11871.245382800103, 11738.570523725171, 11625.75992262871, 12041.985636953288, 7523.833687033969, 11861.109106077265, 11720.732512289193, 11880.47966400219, 11541.751068323558, 7638.382080468708, 11656.825284373375, 11797.985820150889, 11782.968039654492, 11637.548220516397, 7607.548457301969, 11586.543852709834, 11613.530597276378, 11706.65354112809, 11697.939782732492, 7718.054144752887, 11544.65462664779, 11580.308775099558, 11665.78316660269, 11692.656484405195, 7678.86717391634, 11518.92979541031, 11642.026346671142, 11594.519945011725, 11571.701997664404, 7674.083080457701, 11621.933584796723, 11755.816092954765, 11217.842648932177, 11572.393374663901, 7671.518453267001, 11534.999329809254, 11342.316300239236, 11717.897852891758, 11447.986271981057, 7633.399865193165, 11400.659385796087, 11408.035724651469, 11412.739060413138, 11723.406235931863, 7567.893171303551, 11611.359823005385, 11387.917597446745, 11458.155577976902, 11445.17754553274, 7445.76596475086, 11410.837692536199, 11312.670837145106, 11151.7228089006, 11404.275365609896, 7902.454753908852, 11444.074618541454, 11191.583433455235, 11432.208940253184, 11423.21745291849, 7524.225005870116, 11300.392457642482, 11285.821410407849, 11360.390392498257, 11479.214282295889, 7421.467548681463, 11438.460915515845, 11261.12891797149, 11186.774632568702, 11503.593761271035, 7288.462470327756, 11258.585315386428, 11196.220436417761, 11402.77543520792, 11289.343674832153, 7361.1370183161, 11325.926080736765, 11124.908784150964, 11468.164114043198, 11015.192640545452, 7402.709324631383, 11188.39989702846, 11332.881753964684, 11232.496870791443, 11105.852113038993, 7304.823952633378, 11076.239997969076, 11173.643579023807, 11161.993260090114, 11179.583157005285, 7399.031581890345, 10976.187165987803, 11226.06064051749, 11132.942747066954, 11074.419875890795, 7406.03768617885, 11284.340569811236, 10921.416626657241, 11242.807808773585, 10989.836564573388, 7201.748951147275, 11087.390696269165, 11162.899245605864, 11180.491999134165, 10940.129852141692, 7092.244504089954, 11037.96002989726, 11245.984818673987, 11026.385268188153, 10915.236177833305, 7059.469100930952, 10762.222318517886, 11168.935596300807, 10973.888125873993, 11042.776010223923, 7157.60625401263, 11101.036210149348, 10869.923552939164, 11006.371578532013, 10853.17091096682, 7095.553502226818, 11022.199190304027, 10884.256164085193, 10941.482950627538, 10760.565714239958, 7137.004643429043, 10715.766355518446, 11022.75901773045, 10869.225422029649, 10746.631588734923, 7209.536466934448, 10913.397447075344, 10884.094641231257, 10720.475229857986, 10865.891025486879, 6998.394283369406, 10785.641988142834, 10892.172849058812, 10746.69768151951, 10837.346311404839, 6937.279736241802, 10704.596293211489, 10796.530741301789, 10645.027023465565, 10706.307711809597, 7162.052953078063, 10803.191340986426, 10713.668807440106, 10686.628361367473, 10671.775643655506, 6953.834277616546, 10783.223919913466, 10580.847874779287, 10558.827258322317, 10612.255665267463, 7106.313163126139, 10742.879733235488, 10577.665173059946, 10602.271352094325, 10658.32030655736, 6871.565638095969, 10485.579430906642, 10534.89090341696, 10548.828192220379, 10771.08372516122, 6921.256782603581, 10729.413286074338, 10613.064231504128, 10463.825177928768, 10440.273943670662, 6823.960492907596, 10492.998072998704, 10516.956583264639, 10391.648437143667, 10505.510979078455, 6969.707456711639, 10472.776306799748, 10481.9642985445, 10529.233167846962, 10393.938073395828, 6805.322186018891, 10240.136420524175, 10695.291038359184, 10337.221257338138, 10344.47855547462, 6871.420259161343, 10128.74122595143, 10348.500114152033, 10567.62247745198, 10254.41923888352, 6993.884660971179, 10448.912704613393, 10413.3343734844, 10025.905968510593, 10271.40699681182, 6939.010694637631, 10449.408353038607, 10149.01227508701, 10357.41083569041, 10142.965414731094, 6804.306689648504, 10341.390445859088, 10235.913580269726, 10085.41144754231, 10243.2624013178, 6800.542036453653, 10077.071487365414, 10372.228296907217, 10147.060011884418, 10263.638137721075, 6648.8688697585385, 10059.871562750519, 9909.224095000693, 10259.21717604366, 10357.494174801332, 6723.083406326229, 10016.944224498107, 10171.62715746986, 10002.540461834114, 10310.999293667248, 6605.197746315853, 10066.416538044366, 10167.772527755944, 10151.903812829725, 9917.97126697137, 6598.514132971018, 9824.617598282573, 9884.159724562018, 10211.58743720697, 10236.9823075654, 6535.547010247056, 9686.186866132399, 9986.873605341229, 10003.999998240764, 10211.081036952855, 6591.465176624282, 9938.313268245762, 9869.03032590402, 10166.140981206747, 9717.837122304676, 6571.782821556067, 9903.216454287412, 9690.173311206834, 9905.520555246381, 9936.104661269235, 6605.735469699181, 9796.170273120677, 9683.486358572542, 9766.907021589097, 10118.029785166216, 6449.807636178191, 9701.641723788958, 9762.15236875601, 9833.97003518102, 9863.367892865168, 6423.2946023746135, 9645.235070380742, 9744.560116398092, 9718.77433795977, 9804.334031361172, 6437.338718994514, 9939.585141961152, 9617.750065022514, 9571.286240202766, 9544.176277626286, 6440.581435631779, 9728.920868184723, 9594.168611023573, 9521.192706500431, 9749.005635899906, 6279.161079753103, 9517.448355384511, 9703.701037630797, 9632.661410920804, 9466.812727046909, 6308.014789451007, 9584.668952503373, 9610.811985775355, 9302.364523293067, 9630.05013263292, 6254.440698807379, 9412.4897796462, 9530.383910706663, 9375.67178504873, 9566.156335163305, 6248.768495392431, 9242.215128377735, 9433.53346912202, 9535.95001077479, 9495.794856870672, 6175.426387066278, 9478.54356370562, 9443.479855462305, 9504.425312719586, 9166.718883545534, 6039.053829391038, 9319.435947196453, 9300.777735551928, 9250.685181596444, 9239.568310786477, 6266.969694759997, 9365.484486279754, 9441.373700542363, 9351.487002096692, 8927.81788545895, 6037.751330525091, 9276.6260442167, 9323.53420340593, 9391.924246993645, 8973.201894211936, 5902.5927120132965, 9143.208100713853, 9304.305745491918, 9175.1233050916, 8949.067765252605, 6038.305602547035, 9110.06566914768, 9027.119161695991, 8997.955807422848, 9220.195987941386, 5995.479016598454, 9024.53643190539, 9140.111477909133, 9138.357368769484, 8929.761258649793, 5859.004753098003, 8997.920493476013, 9024.165761480113, 8886.988858341809, 9068.226508310685, 5852.087432041902, 8898.677436971571, 8774.755307143378, 9171.366338670992, 8788.930152428928, 5930.82557417877, 8794.964961502284, 8911.662007201829, 8911.536400216646, 8766.658497955772, 5912.519856960995, 8647.042352364053, 8912.381870414352, 9005.387224019933, 8654.159081309357, 5807.153343391813, 8655.015963589263, 8825.345336485352, 8996.7923865968, 8606.348677015714, 5667.521429311028, 8672.946363820964, 8558.27477680283, 8703.885352153215, 8755.4275147532, 5779.634583661998, 8466.775759961769, 8678.447313638928, 8718.720780029997, 8750.839888829327, 5570.639013802111, 8550.465552794187, 8655.03908463412, 8776.182312366289, 8481.184141555987, 5434.131274026045, 8448.033582548247, 8447.810061606684, 8637.347271501112, 8479.752216487526, 5588.709555958577, 8558.790386318857, 8420.672779765784, 8431.256839057074, 8396.881292248312, 5496.276363898535, 8585.289835001242, 8254.086002699582, 8149.556617396059, 8633.86824691583, 5378.755620644655, 8342.53337777456, 8299.723679563696, 8368.917902355852, 8280.366903386266, 5403.9777736735205, 8231.302102054942, 8447.359933026599, 8192.800683066902, 8195.729747236035, 5319.975148815541, 8077.870228191264, 8015.370467641693, 8199.458449923102, 8439.963031176863, 5340.8900146452215, 8186.520495088075, 7944.654101453449, 8127.204318978971, 8311.610263844845, 5190.876663512092, 8129.857102201823, 8121.4214998465595, 7953.607684136253, 7872.361332356948, 5367.782596998355, 8289.636592119097, 7894.869152797092, 7919.105477250278, 7893.13877463814, 5131.413872823109, 7947.068405186681, 7923.650483507332, 7857.648585170083, 7979.472595971107, 5098.439573665984, 7902.418475118204, 7955.415983515462, 7708.008617177641, 7761.533401892299, 5155.353438981758, 7679.375237954622, 7809.06658875128, 7782.115224363502, 7686.668205622858, 5197.1791071006, 7664.82871331506, 7779.426473561197, 7788.278114366652, 7649.3461232554355, 4942.013123589501, 7644.935652318506, 7688.838395964643, 7516.066663758485, 7713.2204156293565, 4923.66431385003, 7421.351223939832, 7543.998296419045, 7635.734084045983, 7516.90101254356, 5024.984236877342, 7488.403961929166, 7485.924281294689, 7531.235342874831, 7422.202660597896, 4867.932901211524, 7365.66272648945, 7356.293306577382, 7261.331631364237, 7497.425008248557, 4958.276305577778, 7342.972237731531, 7276.574480767091, 7191.382405087526, 7435.593126296304, 4832.215404767409, 7303.806393850358, 7287.531852981752, 7284.652942977064, 7096.390427762535, 4741.25416341908, 7264.2956500025775, 6995.89950122745, 7184.327302778375, 7182.39530302863, 4714.521248578697, 7089.915337281192, 7002.2056974838915, 7058.218873797458, 7213.130827631582, 4601.046935330247, 7092.494282530097, 6936.115121320587, 6971.8011000096385, 6984.532527860438, 4600.117786786043, 6987.186111590441, 6872.360321054607, 6801.723218171862, 7033.324148654604, 4506.265177059153, 6869.245836949555, 6993.252241658253, 6656.942574353678, 6831.91190574692, 4462.787008771705, 6720.564552409343, 6839.010720948888, 6687.4144090621985, 6803.951368769753, 4372.815845250637, 6663.502830530222, 6653.63087830638, 6691.118980740679, 6755.216554508697, 4267.063896440527, 6555.090615229856, 6597.244654388157, 6647.413470747967, 6485.9617561695095, 4349.043151219354, 6587.632205983958, 6481.813359326972, 6398.063601576422, 6520.161618144616, 4249.437181855999, 6379.204458990651, 6390.26086354176, 6399.494030478492, 6449.3592180709065, 4216.432980138347, 6283.014272157469, 6262.949409933623, 6307.43591298168, 6406.349188669796, 4171.150843061775, 6215.0422500441755, 6273.024756921599, 6231.633318791824, 6257.746512874901, 4048.413819686243, 6128.39967882609, 6093.043920817259, 6202.135845013921, 6210.108580446431, 3983.1320846690433, 5957.772058585194, 6137.585859226965, 6055.285220990838, 6089.635250444571, 3965.127600090853, 5928.51773706317, 6041.193768563679, 5934.808423945842, 5996.734441270273, 3891.1626924163024, 5911.053335595526, 5852.096717884367, 5852.523845667752, 5839.757482583948, 3920.667710816757, 5876.15449540165, 5657.791598184232, 5799.958182234405, 5837.865655618814, 3786.4922006514507, 5757.270516986432, 5712.040491339868, 5736.187879515709, 5553.505205810618, 3780.5909293653613, 5674.965886152315, 5540.459550408428, 5598.04695697036, 5598.230460186129, 3705.8190497108003, 5602.870308057399, 5531.775869915195, 5456.195605820378, 5509.423242162745, 3594.3081886074924, 5494.491236306098, 5360.88446037574, 5531.157585338545, 5389.574389050334, 3494.058021395359, 5350.785587403701, 5342.805233953913, 5274.22573046515, 5321.432761289729, 3552.925306217914, 5282.643811345676, 5324.204709531295, 5245.155863451718, 5177.087678628181, 3388.5068378401934, 5102.9635524761625, 5257.580290827005, 5246.656215316317, 5147.283066483536, 3234.803384481454, 5100.205512304378, 5062.722429525704, 5110.393717905438, 5018.583401573911, 3267.9568520839657, 4949.441460416723, 4964.325410943526, 4968.969204361974, 5028.414581291448, 3217.955515208633, 4849.925656493888, 4948.323290546467, 4882.399700854629, 4850.784307999959, 3167.5547668436448, 4827.513107142416, 4836.487986145556, 4698.745510305996, 4802.928404275388, 3103.7704281746737, 4734.51432449148, 4687.51795449034, 4740.905545258592, 4602.497174453138, 3072.985788974049, 4650.999275339257, 4666.321380206472, 4596.103477735513, 4550.932808283588, 2945.3503839906234, 4541.255846287461, 4500.32688216741, 4509.290322762871, 4464.725892957083, 2961.25593263885, 4446.079157088197, 4468.75582495648, 4405.68523736362, 4400.131696169843, 2827.0176552011817, 4300.706686204447, 4386.294338870073, 4345.946185024641, 4287.422169778718, 2795.640704690512, 4296.7387656716655, 4266.098366846761, 4169.256691287362, 4202.04987606281, 2752.0692653425554, 4160.114526373511, 4168.536754108338, 4113.108112471862, 4076.184671643483, 2736.6907861177, 4071.805092760282, 4036.7842710385125, 4035.047032283617, 4043.2142431672905, 2637.357846776298, 4004.2135162059367, 3943.672488154715, 3927.0175182738485, 3956.0053730446743, 2564.7620051582985, 3870.0300042138715, 3881.5439149435215, 3863.51276520842, 3833.895433133713, 2517.0504593170513, 3833.536076133563, 3732.6934686175373, 3782.860856359657, 3705.7413825211406, 2483.9938422227806, 3708.465035535264, 3674.903401572991, 3681.690727761479, 3637.232058269676, 2407.558876690808, 3601.9897148477985, 3554.6630174471543, 3566.83927559587, 3601.331500205718, 2356.4928837690986, 3514.7096070612893, 3505.3180010643696, 3482.9173953503046, 3519.3165194678218, 2233.286347032092, 3436.0369511942595, 3402.333536135064, 3379.2281531625736, 3387.1450567456423, 2223.36433800269, 3342.1674722348466, 3308.8980012284414, 3284.818204884307, 3318.945989508432, 2146.529881364592, 3212.4288463731154, 3247.6891732495938, 3246.0690702254615, 3193.9948204442385, 2074.2223633076424, 3154.7924790191787, 3142.110081258451, 3128.404268982344, 3069.7017834874614, 2053.1387401745037, 3073.1586476786774, 3071.818009665632, 3021.762505264684, 2998.1383363715904, 1958.5765416466259, 2977.4198920179933, 2949.2706787392653, 2919.018917131661, 2930.414019817834, 1919.8310348756431, 2869.605913561002, 2886.316983411609, 2853.7448072715943, 2809.828777957307, 1853.6395327828966, 2785.8357465196127, 2776.858325699005, 2755.4100796230578, 2734.224692239684, 1794.4453671448175, 2689.8261090508013, 2712.0837111036, 2677.867175447447, 2632.675507853129, 1709.1857040633438, 2624.8062402798632, 2582.745128598, 2566.7080727917387, 2557.8864928219996, 1665.3496419932908, 2518.0280351416545, 2494.748505036046, 2489.7270952381023, 2450.029278695002, 1620.2124055422664, 2436.1824917783747, 2402.1236162311266, 2406.6634162329747, 2349.15398661286, 1555.6294395283735, 2343.174526339217, 2298.6352392159615, 2318.8272667449746, 2275.581147572998, 1488.1704014689317, 2254.0387705976973, 2228.3209090438004, 2200.9514768550625, 2192.7343728192695, 1427.3016427632438, 2149.3882062037887, 2132.592987962072, 2133.0428496192844, 2111.3206310386176, 1353.9851493192582, 2066.8819170447673, 2044.6014167634066, 2013.5510369968097, 2014.7884114623273, 1320.1203048613017, 2003.402095400283, 1947.5038715346939, 1913.7224595453265, 1935.353907832481, 1240.9512421529444, 1877.2341106742692, 1838.119024314823, 1844.1084403002312, 1849.4572722654746, 1214.4939817733316, 1790.0293320873327, 1788.5497793767506, 1761.2250880258157, 1743.2322320167111, 1125.293346732861, 1699.8146130897003, 1694.5445860744583, 1659.043281996771, 1664.7133313262418, 1078.1840621748206, 1603.5258656670585, 1598.2358384867214, 1593.741522634166, 1566.5907606244566, 1024.1791513123194, 1521.0405190834063, 1506.2707770856343, 1523.5775844019602, 1478.1255138328593, 950.8653562457746, 1441.2163529872403, 1428.3990106907038, 1406.7932480074899, 1401.6456208388515, 900.2413474645707, 1366.789118493997, 1330.47220591276, 1326.9118987022823, 1312.8833590236607, 843.5816231366067, 1256.1616022120722, 1270.5596702004998, 1265.614025561983, 1204.361080000506, 792.5508471198733, 1161.4801641750373, 1190.516047277926, 1161.1341786682885, 1148.7039892133123, 740.6393314950902, 1098.880458147677, 1096.7507445445885, 1073.1356700971162, 1069.5288924869576, 686.3674648105523, 1031.4005016746335, 998.9469186187688, 970.5841799662774, 980.3114073160601, 671.9051489821786, 967.62595574971, 905.987446445117, 912.3648398205609, 906.9508927861287, 597.5431257263754, 877.7037339834029, 821.0146680307425, 867.8108270925353, 829.7692316560513, 539.9857682541901, 794.9537593299635, 783.8771701157843, 776.9288115233202, 754.6999786599554, 483.94153679907697, 748.5200138960323, 709.8748491165701, 676.9861449763478, 676.9936483004124, 450.11521203075256, 657.0679948261593, 634.1836786354025, 664.4659569468805, 599.3431678904724, 388.9446242938505, 566.8728910870046, 579.8726923367053, 568.4579055444801, 578.4678697646369, 343.4466203463381, 518.4565252075492, 518.6832471959776, 508.8776922566478, 459.0363332730587, 340.5888658297826, 469.1639684710644, 450.9988539337744, 438.80650910016624, 438.01898043589364, 273.0980342894437, 417.1888097610315, 389.14318700999104, 389.2645110348345, 381.0126003546797, 234.52361351937125, 364.213939527981, 333.24392129930055, 320.42451246658635, 337.2429541172421, 214.26109857970164, 325.7354844743104, 284.19905035764083, 309.9615189451256, 259.74533946023644, 168.20673532139583, 270.316804369397, 259.4272158172384, 230.1263627351889, 226.46824079307342, 159.79748406984638, 239.60521450925268, 205.47415880824576, 203.4416923011118, 191.14856440363113, 126.80457976590978, 182.44846965978854, 180.98550547890665, 173.0225458183986, 171.02250537564322, 102.06387383338888, 143.9272915657952, 145.41201278183695, 160.70402996858522, 139.15894438676088, 87.69305849998703, 129.84544792598092, 123.23730495105846, 118.37812936684703, 120.1480294272823, 79.5107108368553, 89.63278458176936, 115.97748612500449, 116.73272100642606, 96.54658908932646, 72.9058357613782, 93.4192328376729, 88.9221761566549, 96.27537544919825, 89.76493663981327, 71.95535391652335, 82.85736564111055, 90.24207519468818, 96.22863226025915, 88.12235788808361, 64.60044597133697, 102.30916435355564, 94.75918006172479, 80.1184021888364, 91.72891727876939, 59.914542041892446, 97.91448763520832, 91.3785860921336, 106.33933452819858, 88.70375928229357, 69.40930219783382, 95.98134134312944, 105.05401348800973, 100.42722909203447, 94.68512956277539, 60.49084567927795, 93.06726755728053, 87.31234133542617, 92.81897827089837, 95.50473042166502, 55.95994129650303, 96.51589390794138, 89.87946957996037, 73.60771980799574, 83.34532558053446, 56.8127395454652, 78.56814755711918, 80.75862030347932, 92.31303963852707, 82.41870496695019, 63.404544020776434, 84.30984440606204, 79.3592241758986, 74.29711684387479, 93.8971692931268, 64.94773375162261, 78.71255345695874, 92.14360188169341, 73.81568092884545, 84.49936572324161, 58.402051864350014, 90.76123728104866, 70.63959340436386, 79.68971290780136, 83.75174512180607, 53.27065457390213, 83.23248072588254, 77.73362283913323, 90.82694210795027, 79.21578926846067, 44.694159008922725, 82.8576053917313, 72.05182514718405, 81.89893347026404, 85.24240010589551, 48.16311741309371, 81.37490705711808, 76.70755956012677, 78.44691041555132, 82.07231145652605, 44.48455216680471, 75.89113749700078, 87.45456992070592, 74.92329510914423, 75.92642317161518, 43.154787323732776, 71.76033916812634, 79.50697259254804, 75.47428085303747, 81.11954361648203, 46.00523712660927, 66.36645618696812, 89.52752921334482, 76.34455502256775, 75.33970710674869, 40.95538436680707, 78.72327474164088, 70.45429720303704, 76.38818316738887, 72.45848991591232, 44.637343975787445, 83.40554583990269, 66.20409197667759, 71.60323632597401, 73.11386713174927, 44.07602376466371, 65.28116121858264, 73.15220207150412, 81.19602932343003, 65.23668631356202, 48.54528497522969, 71.40847631214254, 70.41445832859866, 77.40839415704477, 64.95592060375316, 44.32335039542905, 68.7927147225861, 79.60307062900084, 69.1115345623685, 66.24957531166572, 40.51784958495917, 64.18681529882384, 66.91886212115159, 60.670532499227924, 75.67903337014059, 52.820799702705536, 75.80147891218196, 61.998086237788094, 68.16621047119511, 63.838598627901646, 46.208895364049646, 74.92873221520527, 60.60270639427003, 61.71557396555627, 62.30999649922738, 52.37061419206906, 51.33493541407494, 68.52182893172916, 59.46270657893093, 78.35190006007808, 50.37875855034424, 66.16429599763602, 66.67822772362464, 69.68793620936039, 55.40525937328093, 46.356785289352736, 69.6342105880315, 57.920866965503905, 66.37001771797695, 58.76550157635427, 48.20621365664986, 50.17119379897828, 64.19999409675955, 77.0474207696655, 66.99455691447949, 39.0440532014357, 63.16055264248456, 60.67894350707874, 69.3200376446251, 62.61642671456539, 38.29918419885825, 65.62401477693619, 56.667952008076504, 61.581672987589485, 64.38415115315505, 42.71977922235264, 61.98849889320408, 58.719943630873615, 61.12730036394243, 64.30090177983459, 41.93415879908892, 66.1168783774769, 56.11972693068898, 57.07537190671347, 62.71698545059223, 43.19166012880638, 54.728179037483685, 52.51586268767271, 55.4701686600109, 76.27205992653529, 43.55257504824012, 56.80420571190905, 59.85717485608275, 55.0633531482815, 57.23401116496102, 51.09978321040422, 54.064791156149816, 44.59852084968594, 56.55022382460899, 65.25314036259769, 57.182096848517084, 58.98607323736055, 65.72800704981017, 64.06769597238062, 45.8767852635015, 40.62557389091175, 51.979672156785696, 68.96663096101082, 51.630026463505416, 61.05478077260362, 39.52594788051261, 69.12457408726728, 53.647767677290425, 59.63262311362405, 43.928277793072866, 45.005606972048525, 61.80981105663972, 52.155935665539005, 59.053431697190966, 52.86639020314329, 43.39302956565013, 59.12174761025081, 55.624161693795116, 55.62086731274895, 62.49742687114774, 34.53920513736372, 56.93407156516622, 51.33166862251924, 63.91071170498901, 58.339861629435966, 35.2344984104093, 54.25526281699717, 56.23427849587731, 55.360269267125, 52.591520384496675, 45.70237897125915, 54.6746336493119, 49.51984086790276, 59.62681858414721, 64.80891096518862, 33.92962216254412, 56.67335224217818, 63.94541728779763, 49.75057775534766, 44.94892553375566, 45.8749285149844, 62.254011895221964, 54.41720813967142, 54.81166694718795, 52.691454429432945, 35.691190210691715, 62.41481789613346, 55.32848072996292, 55.20213069083829, 52.97710155491573, 32.740286515729494, 50.754135913951565, 56.65117816221499, 55.504321697398744, 58.399247058844395, 36.256612095611246, 59.83324216341461, 46.60138030003757, 60.18999400075988, 47.79880326952903, 42.043385538849144, 58.152798801267465, 53.37779045432325, 54.404449881493996, 49.08533356771321, 40.52467205654632, 50.41472889895222, 57.47554062922786, 51.21970995218607, 61.30661586736781, 34.129305461746064, 42.37769065764393, 55.16999867559186, 54.742240885279884, 66.86007402871796, 34.458182888723435, 42.692039513005845, 56.73605512291735, 65.05233425619663, 48.749221655674965, 39.5569141535725, 49.75006911868494, 60.77616801932172, 52.00545047246823, 48.64046736905384, 40.69386559730713, 49.987627634170046, 52.61057545094362, 52.727440662172114, 58.16624123307194, 37.89252133637802, 57.382133767129964, 48.042605859656874, 53.37508828871381, 64.29319878664862, 27.486996895301104, 58.35243020074217, 51.1581095528167, 50.49320083516777, 56.16156320448366, 33.434503581615125, 56.79741478482148, 59.096634354985966, 59.46166723972382, 45.222634966801, 28.253383355844104, 52.14090673804452, 48.35147165964111, 58.09199065112713, 55.26215154515774, 34.18412986188135, 48.82608158765187, 54.06133632770177, 57.127014495667105, 47.071271869186404, 40.20964997423338, 48.621512330144256, 51.001371439589036, 64.19117089980598, 54.548204307789206, 28.25964791363355, 49.50527429265453, 59.86859164385872, 51.500889350512345, 49.09881095971132, 35.849639685885734, 51.76853334788997, 44.48416425757158, 59.26542522125697, 46.632490281231064, 43.28196545194951, 48.86294965685537, 49.481035638638375, 50.942743770387715, 60.986641836014336, 34.08396794280715, 54.9629981787608, 50.3305795286192, 44.47361677298289, 58.24967354730276, 35.548577242504834, 57.06098968624828, 48.66784970696041, 44.168735071540404, 54.50081163922805, 38.34258872868011, 48.47528177851802, 53.41986671577161, 53.45660537870607, 45.10778524617949, 41.570707862797995, 57.48347641786, 57.12795141328512, 41.99658343919871, 49.162716920217854, 35.533975162776954, 54.29852628331349, 46.77752346307133, 53.52921690964962, 56.3786284834659, 29.767150374435666, 47.3481951964047, 52.73419619794877, 51.278400991711, 55.17227599261812, 33.463282525674316, 57.12270947621597, 52.0323814534347, 42.26521662103195, 55.123370359252036, 32.761226767480125, 54.564710783714816, 50.7342474541105, 52.92091275961414, 45.969739780169135, 34.32775209130547, 61.381889438206436, 50.538494957015196, 40.703278625559, 55.8252565216877, 29.419023783190212, 40.532635631072594, 48.13866755794356, 50.71733402245742, 67.65376458898264, 30.20425321406931, 55.58824066235518, 41.24935182123462, 60.309593628781684, 49.19427750784472, 30.183086498865418, 57.71216910420446, 42.89024581783596, 42.777457137797605, 58.52847812862896, 33.92608438945197, 41.1176279687541, 58.858047441148905, 48.856581260706996, 52.75029532510087, 33.66719587862855]","[1.0, 1.0000000000000002, 0.9999999999999999, 1.0, 1.0, 1.0, 1.0, 0.9999999999999999, 1.0, 1.0, 1.0, 1.0, 1.0, 0.9999999999999999, 0.9999999999999999, 0.9999999999999998, 0.9999999999999999, 0.9999999999999999, 1.0, 1.0, 1.0, 0.9999999999999999, 1.0, 0.9999999999999999, 1.0000000000000002, 0.9999999999999999, 0.9999999999999999, 0.9999999999999999, 1.0, 1.0000000000000002, 1.0, 1.0, 1.0, 0.9999999999999999, 1.0, 0.9999999999999998, 1.0, 1.0, 1.0, 1.0, 0.9999999999999999, 0.9999999999999999, 1.0, 0.9999999999999999, 0.9999999999999999, 0.9999999999999999, 1.0, 1.0, 1.0, 0.9999999999999999, 1.0000000000000002, 1.0, 1.0, 1.0, 1.0, 0.9999999999999999, 1.0000000000000002, 1.0000000000000002, 1.0, 1.0, 0.9999999999999998, 1.0, 1.0, 0.9999999999999999, 1.0, 1.0, 1.0, 0.9999999999999999, 1.0, 1.0, 1.0, 0.9999999999999999, 1.0, 1.0000000000000002, 0.9999999999999999, 1.0, 1.0, 1.0, 1.0, 0.9999999999999999, 1.0, 0.9999999999999998, 1.0, 1.0, 1.0, 1.0, 1.0, 1.0000000000000002, 1.0, 1.0, 0.9999999999999998, 1.0000000000000002, 0.9999999999999999, 1.0, 0.9999999999999999, 1.0, 1.0, 0.9999999999999999, 1.0, 0.9999999999999999, 0.9999999999999999, 0.9999999999999998, 1.0, 0.9999999999999999, 1.0, 0.9999999999999999, 1.0, 0.9999999999999999, 1.0, 1.0, 1.0, 0.9999999999999999, 1.0, 1.0000000000000002, 1.0, 0.9999999999999999, 0.9999999999999999, 1.0, 0.9999999999999999, 1.0, 1.0, 1.0, 1.0, 1.0, 0.9999999999999999, 1.0, 0.9999999999999999, 1.0, 1.0, 0.9999999999999999, 1.0, 0.9999999999999999, 0.9999999999999998, 0.9999999999999998, 1.0000000000000002, 0.9999999999999999, 1.0, 0.9999999999999999, 0.9999999999999999, 1.0, 1.0, 1.0, 1.0, 0.9999999999999999, 0.9999999999999999, 0.9999999999999999, 1.0, 1.0, 1.0, 1.0, 1.0, 1.0, 1.0, 1.0, 1.0, 1.0, 0.9999999999999999, 0.9999999999999999, 1.0, 0.9999999999999999, 1.0, 1.0, 1.0, 1.0, 1.0, 0.9999999999999999, 1.0000000000000002, 0.9999999999999999, 0.9999999999999999, 0.9999999999999999, 1.0, 1.0, 0.9999999999999999, 1.0, 1.0, 0.9999999999999999, 0.9999999999999999, 0.9999999999999999, 1.0, 1.0, 1.0000000000000002, 1.0, 0.9999999999999999, 0.9999999999999998, 0.9999999999999999, 0.9999999999999999, 1.0, 1.0, 1.0, 1.0, 1.0, 0.9999999999999999, 0.9999999999999999, 0.9999999999999998, 0.9999999999999999, 0.9999999999999999, 1.0, 1.0, 0.9999999999999999, 0.9999999999999999, 0.9999999999999999, 1.0, 1.0, 0.9999999999999999, 1.0000000000000002, 1.0, 0.9999999999999999, 1.0, 1.0, 1.0, 1.0, 1.0, 0.9999999999999999, 0.9999999999999999, 1.0, 0.9999999999999998, 1.0, 1.0, 1.0, 1.0, 0.9999999999999999, 1.0, 0.9999999999999999, 1.0, 0.9999999999999999, 0.9999999999999999, 0.9999999999999999, 0.9999999999999999, 1.0, 1.0, 1.0, 1.0, 1.0, 0.9999999999999998, 1.0, 1.0, 1.0, 1.0, 1.0, 1.0, 1.0, 1.0, 1.0, 1.0, 1.0, 1.0, 0.9999999999999999, 0.9999999999999999, 1.0, 1.0, 0.9999999999999999, 1.0, 1.0, 0.9999999999999999, 1.0, 1.0, 0.9999999999999999, 0.9999999999999998, 1.0, 1.0, 0.9999999999999998, 1.0, 0.9999999999999999, 1.0, 0.9999999999999999, 0.9999999999999999, 1.0, 1.0, 0.9999999999999998, 1.0, 1.0, 0.9999999999999999, 0.9999999999999999, 0.9999999999999999, 0.9999999999999999, 1.0000000000000002, 1.0, 1.0, 1.0, 1.0, 1.0, 1.0, 1.0, 0.9999999999999999, 0.9999999999999999, 0.9999999999999999, 1.0, 1.0, 1.0, 0.9999999999999999, 1.0, 0.9999999999999999, 1.0, 1.0, 0.9999999999999999, 1.0, 1.0, 1.0, 1.0, 0.9999999999999999, 1.0000000000000002, 1.0, 0.9999999999999999, 0.9999999999999998, 1.0, 0.9999999999999999, 1.0, 1.0, 1.0, 1.0, 0.9999999999999999, 1.0, 0.9999999999999999, 1.0, 1.0, 1.0, 0.9999999999999999, 1.0000000000000002, 0.9999999999999999, 1.0, 1.0, 1.0, 1.0, 1.0, 1.0, 0.9999999999999998, 1.0, 1.0, 1.0, 1.0000000000000002, 1.0, 0.9999999999999999, 1.0, 0.9999999999999998, 1.0, 0.9999999999999999, 1.0, 1.0, 0.9999999999999998, 1.0, 1.0, 1.0, 1.0, 1.0, 0.9999999999999999, 1.0, 1.0, 1.0, 0.9999999999999999, 1.0, 1.0, 1.0, 1.0, 1.0000000000000002, 0.9999999999999998, 1.0, 1.0, 1.0, 0.9999999999999999, 1.0, 1.0, 0.9999999999999999, 1.0000000000000002, 1.0, 0.9999999999999999, 1.0, 0.9999999999999999, 1.0, 1.0, 1.0, 1.0, 0.9999999999999999, 0.9999999999999999, 1.0, 1.0, 1.0, 1.0, 0.9999999999999999, 1.0, 1.0, 0.9999999999999999, 0.9999999999999999, 1.0, 1.0, 1.0, 1.0, 0.9999999999999999, 1.0, 1.0, 0.9999999999999999, 0.9999999999999998, 1.0000000000000002, 0.9999999999999999, 1.0, 1.0, 0.9999999999999998, 1.0, 0.9999999999999999, 1.0000000000000002, 0.9999999999999999, 0.9999999999999999, 1.0, 1.0, 1.0, 1.0, 1.0, 1.0, 1.0, 1.0, 1.0, 1.0000000000000002, 0.9999999999999999, 1.0, 0.9999999999999999, 1.0, 0.9999999999999999, 1.0, 0.9999999999999999, 1.0, 1.0000000000000002, 0.9999999999999999, 1.0, 1.0, 1.0000000000000002, 1.0, 0.9999999999999999, 0.9999999999999999, 0.9999999999999999, 0.9999999999999999, 0.9999999999999999, 1.0, 1.0, 1.0, 1.0, 1.0, 1.0000000000000002, 0.9999999999999999, 1.0, 1.0, 1.0, 1.0, 0.9999999999999999, 0.9999999999999999, 1.0000000000000002, 1.0, 1.0, 1.0, 1.0000000000000002, 1.0, 1.0, 0.9999999999999999, 0.9999999999999999, 1.0, 1.0, 0.9999999999999999, 0.9999999999999999, 1.0000000000000002, 1.0, 0.9999999999999999, 1.0, 1.0, 0.9999999999999999, 0.9999999999999999, 1.0, 1.0, 1.0, 1.0, 1.0, 1.0, 1.0, 0.9999999999999999, 1.0, 0.9999999999999999, 1.0000000000000002, 1.0, 1.0, 1.0, 1.0, 1.0, 1.0, 1.0, 0.9999999999999999, 0.9999999999999998, 0.9999999999999999, 1.0, 1.0, 0.9999999999999999, 1.0, 0.9999999999999999, 0.9999999999999999, 1.0, 1.0, 1.0, 1.0, 1.0, 0.9999999999999999, 1.0, 1.0, 1.0, 1.0, 0.9999999999999999, 1.0, 1.0, 1.0, 0.9999999999999999, 1.0, 1.0, 0.9999999999999999, 0.9999999999999999, 1.0, 1.0, 1.0, 0.9999999999999999, 0.9999999999999999, 1.0, 1.0, 1.0, 1.0, 1.0, 1.0, 0.9999999999999999, 0.9999999999999999, 1.0, 1.0, 0.9999999999999999, 1.0, 1.0, 1.0, 0.9999999999999999, 0.9999999999999999, 0.9999999999999999, 1.0, 0.9999999999999999, 1.0, 1.0, 1.0, 0.9999999999999999, 0.9999999999999999, 1.0, 1.0, 1.0, 1.0, 1.0000000000000002, 1.0, 1.0000000000000002, 1.0, 1.0, 0.9999999999999999, 0.9999999999999999, 1.0, 1.0, 1.0, 1.0, 0.9999999999999998, 1.0, 0.9999999999999999, 0.9999999999999999, 1.0, 0.9999999999999999, 0.9999999999999999, 1.0, 0.9999999999999999, 1.0, 1.0, 1.0, 0.9999999999999999, 1.0, 0.9999999999999999, 1.0000000000000002, 0.9999999999999998, 1.0, 0.9999999999999999, 0.9999999999999999, 1.0, 0.9999999999999999, 0.9999999999999999, 1.0, 0.9999999999999999, 0.9999999999999999, 1.0, 0.9999999999999999, 1.0, 0.9999999999999999, 1.0, 1.0, 1.0, 1.0, 1.0, 1.0, 1.0, 0.9999999999999999, 1.0, 1.0, 1.0, 1.0000000000000002, 1.0, 1.0, 1.0, 1.0000000000000002, 0.9999999999999999, 1.0, 1.0, 0.9999999999999999, 1.0, 1.0, 1.0, 1.0000000000000002, 1.0000000000000002, 1.0, 1.0, 1.0, 1.0, 1.0, 0.9999999999999999, 1.0000000000000002, 1.0, 1.0, 1.0, 0.9999999999999999, 1.0, 0.9999999999999999, 1.0, 0.9999999999999998, 1.0, 0.9999999999999999, 1.0, 1.0, 1.0, 1.0, 1.0, 0.9999999999999999, 1.0, 1.0, 0.9999999999999998, 1.0, 1.0, 1.0, 1.0, 1.0, 1.0, 1.0, 1.0000000000000002, 1.0, 0.9999999999999999, 1.0000000000000002, 1.0, 1.0, 0.9999999999999999, 1.0, 1.0, 1.0, 1.0, 1.0, 1.0, 1.0000000000000002, 1.0, 1.0, 1.0, 1.0, 1.0, 1.0, 1.0, 0.9999999999999999, 0.9999999999999999, 0.9999999999999999, 1.0, 1.0, 1.0, 1.0, 0.9999999999999998, 0.9999999999999999, 0.9999999999999998, 0.9999999999999999, 1.0, 0.9999999999999999, 1.0, 0.9999999999999999, 1.0, 0.9999999999999998, 1.0, 1.0, 1.0, 0.9999999999999999, 1.0, 1.0000000000000002, 1.0, 1.0, 0.9999999999999999, 1.0, 1.0, 0.9999999999999999, 0.9999999999999998, 0.9999999999999999, 0.9999999999999999, 0.9999999999999999, 1.0, 1.0, 1.0, 0.9999999999999999, 1.0, 0.9999999999999999, 0.9999999999999999, 1.0, 1.0, 0.9999999999999998, 0.9999999999999998, 1.0, 1.0, 1.0, 1.0, 0.9999999999999998, 1.0, 0.9999999999999999, 0.9999999999999999, 1.0, 0.9999999999999999, 1.0, 1.0, 0.9999999999999999, 1.0, 0.9999999999999999, 1.0, 1.0, 1.0, 1.0, 1.0, 0.9999999999999999, 1.0, 1.0, 1.0, 1.0000000000000002, 1.0, 1.0, 1.0, 0.9999999999999999, 1.0, 0.9999999999999999, 1.0, 0.9999999999999999, 1.0, 1.0, 1.0, 1.0, 0.9999999999999999, 1.0, 1.0000000000000002, 1.0, 1.0, 1.0, 1.0, 1.0, 0.9999999999999998, 1.0, 0.9999999999999999, 1.0, 0.9999999999999999, 0.9999999999999999, 1.0, 0.9999999999999999, 1.0, 0.9999999999999998, 1.0, 1.0, 0.9999999999999999, 1.0, 1.0, 1.0, 1.0, 0.9999999999999999, 1.0, 0.9999999999999998, 0.9999999999999999, 0.9999999999999999, 1.0, 1.0, 1.0000000000000002, 1.0, 0.9999999999999999, 0.9999999999999999, 0.9999999999999999, 0.9999999999999999, 1.0000000000000002, 1.0, 1.0, 0.9999999999999999, 1.0, 0.9999999999999999, 1.0, 1.0, 1.0, 1.0, 0.9999999999999999, 0.9999999999999999, 1.0, 1.0, 0.9999999999999999, 1.0, 1.0, 0.9999999999999999, 0.9999999999999998, 0.9999999999999999, 0.9999999999999999, 0.9999999999999999, 1.0, 0.9999999999999999, 0.9999999999999998, 1.0, 0.9999999999999999, 1.0, 1.0, 0.9999999999999999, 1.0, 1.0, 1.0, 0.9999999999999999, 1.0, 1.0, 0.9999999999999999, 1.0, 1.0, 1.0, 1.0, 1.0, 0.9999999999999999, 0.9999999999999998, 1.0, 0.9999999999999999, 1.0, 1.0, 1.0, 0.9999999999999999, 0.9999999999999999, 1.0, 1.0, 0.9999999999999999, 1.0, 1.0000000000000002, 1.0, 1.0, 0.9999999999999999, 0.9999999999999998, 1.0, 0.9999999999999999, 1.0, 0.9999999999999999, 1.0, 0.9999999999999999, 1.0, 0.9999999999999998, 1.0, 1.0, 1.0, 1.0, 0.9999999999999999, 0.9999999999999999, 1.0, 1.0, 1.0, 1.0, 1.0, 1.0, 1.0, 0.9999999999999999, 0.9999999999999999, 1.0000000000000002, 0.9999999999999999, 1.0, 1.0, 0.9999999999999998, 1.0, 1.0, 1.0, 1.0, 1.0, 1.0, 1.0, 1.0, 1.0, 1.0, 1.0000000000000002, 1.0, 1.0, 0.9999999999999999, 1.0, 1.0, 1.0000000000000002, 1.0000000000000002, 1.0, 1.0, 1.0, 0.9999999999999999, 1.0, 1.0, 0.9999999999999999, 1.0, 0.9999999999999999, 1.0, 0.9999999999999999, 1.0, 1.0, 0.9999999999999998, 1.0, 1.0, 0.9999999999999999, 0.9999999999999999, 1.0, 1.0, 0.9999999999999999, 1.0000000000000002, 1.0, 1.0, 1.0, 1.0, 1.0, 1.0, 1.0, 0.9999999999999998, 1.0, 1.0, 1.0, 0.9999999999999998, 1.0, 0.9999999999999999, 1.0, 0.9999999999999998, 0.9999999999999999, 1.0, 1.0, 1.0, 1.0, 1.0, 0.9999999999999999, 0.9999999999999999, 1.0, 0.9999999999999999, 0.9999999999999999, 0.9999999999999999, 1.0, 1.0, 1.0000000000000002, 0.9999999999999999, 0.9999999999999997, 1.0, 1.0, 1.0, 1.0, 1.0, 1.0, 0.9999999999999998, 1.0, 0.9999999999999999, 0.9999999999999999, 1.0, 0.9999999999999998, 0.9999999999999999, 1.0000000000000002, 1.0, 1.0, 0.9999999999999999, 1.0, 1.0, 0.9999999999999999, 1.0, 0.9999999999999999, 1.0, 1.0, 0.9999999999999999, 1.0, 0.9999999999999999, 0.9999999999999999, 1.0, 0.9999999999999999, 1.0, 1.0000000000000002, 0.9999999999999998, 1.0, 1.0, 0.9999999999999999, 1.0, 0.9999999999999998, 1.0, 1.0, 1.0, 1.0, 0.9999999999999999, 1.0, 1.0, 0.9999999999999999, 1.0, 0.9999999999999999, 0.9999999999999999, 0.9999999999999999, 0.9999999999999999, 1.0, 0.9999999999999999, 1.0, 0.9999999999999999, 0.9999999999999999, 0.9999999999999999, 0.9999999999999999, 1.0, 1.0, 1.0, 0.9999999999999998, 0.9999999999999999, 1.0, 1.0, 1.0, 1.0, 1.0, 1.0, 1.0, 0.9999999999999999, 1.0, 0.9999999999999999, 1.0, 1.0, 0.9999999999999998, 1.0, 1.0, 1.0, 1.0, 1.0, 0.9999999999999999, 1.0, 0.9999999999999999, 1.0, 0.9999999999999999, 0.9999999999999999, 1.0, 0.9999999999999999, 1.0, 1.0, 1.0, 1.0, 1.0, 1.0, 1.0, 1.0, 1.0, 1.0, 0.9999999999999999, 0.9999999999999999, 1.0, 1.0, 1.0, 1.0, 0.9999999999999998, 1.0, 0.9999999999999999, 0.9999999999999998, 0.9999999999999999, 0.9999999999999999, 0.9999999999999999, 1.0, 0.9999999999999998, 0.9999999999999999, 0.9999999999999999, 0.9999999999999999, 1.0000000000000002, 0.9999999999999999, 1.0, 1.0, 1.0000000000000002, 1.0000000000000002, 1.0, 1.0, 0.9999999999999999, 1.0, 1.0000000000000002, 1.0, 1.0, 1.0, 0.9999999999999999, 1.0, 1.0, 1.0, 1.0, 0.9999999999999998, 1.0, 0.9999999999999999, 0.9999999999999999, 1.0, 1.0, 0.9999999999999999, 1.0, 0.9999999999999999, 1.0, 1.0, 0.9999999999999999, 0.9999999999999999, 1.0, 1.0, 0.9999999999999999, 1.0, 0.9999999999999998, 1.0, 1.0, 1.0, 0.9999999999999998, 1.0, 1.0, 1.0, 1.0, 1.0, 1.0, 1.0, 0.9999999999999999, 1.0, 0.9999999999999999, 1.0, 0.9999999999999999, 0.9999999999999999, 0.9999999999999999, 1.0, 1.0, 1.0, 0.9999999999999999, 0.9999999999999999, 0.9999999999999999, 0.9999999999999999, 1.0, 1.0, 1.0, 0.9999999999999999, 1.0, 1.0, 1.0, 0.9999999999999998, 1.0, 1.0, 1.0, 1.0, 1.0, 1.0000000000000002, 0.9999999999999999, 1.0, 1.0, 1.0, 0.9999999999999999, 1.0, 1.0, 0.9999999999999999, 1.0, 0.9999999999999999, 1.0, 1.0, 1.0, 1.0, 0.9999999999999999, 1.0, 0.9999999999999999, 0.9999999999999999, 1.0, 1.0, 0.9999999999999998, 1.0, 0.9999999999999999, 1.0, 1.0, 1.0, 1.0, 1.0, 1.0, 1.0, 0.9999999999999999, 1.0, 1.0, 1.0, 1.0, 0.9999999999999999, 1.0, 0.9999999999999999, 1.0, 1.0, 0.9999999999999999, 1.0, 1.0, 1.0, 1.0, 1.0, 1.0, 1.0, 1.0, 0.9999999999999999, 0.9999999999999999, 0.9999999999999999, 0.9999999999999999, 1.0, 0.9999999999999999, 0.9999999999999999, 1.0, 1.0, 0.9999999999999998, 0.9999999999999999, 0.9999999999999999, 1.0, 0.9999999999999999, 0.9999999999999999, 1.0, 1.0, 1.0, 0.9999999999999999, 1.0, 1.0, 0.9999999999999999, 1.0, 0.9999999999999999, 1.0, 1.0, 1.0, 1.0, 1.0, 1.0, 0.9999999999999999, 0.9999999999999999, 1.0, 1.0, 1.0, 0.9999999999999999, 0.9999999999999999, 1.0, 1.0, 0.9999999999999999, 1.0, 1.0, 0.9999999999999998, 0.9999999999999999, 0.9999999999999999, 0.9999999999999999, 1.0000000000000002, 0.9999999999999999, 0.9999999999999999, 0.9999999999999998, 1.0, 1.0, 1.0, 1.0, 0.9999999999999999, 0.9999999999999999, 1.0, 0.9999999999999999, 0.9999999999999999, 1.0, 0.9999999999999999, 1.0, 1.0, 0.9999999999999998, 1.0, 1.0, 1.0, 1.0, 1.0, 1.0, 1.0, 1.0, 1.0, 0.9999999999999999, 1.0, 1.0, 0.9999999999999999, 0.9999999999999998, 0.9999999999999999, 0.9999999999999999, 1.0, 1.0, 1.0, 1.0000000000000002, 1.0, 1.0, 1.0, 1.0, 1.0000000000000002, 1.0, 1.0, 1.0000000000000002, 1.0, 1.0, 0.9999999999999999, 1.0, 1.0, 1.0, 1.0, 1.0, 1.0, 0.9999999999999999, 0.9999999999999999, 1.0, 1.0, 1.0, 0.9999999999999999, 0.9999999999999999, 0.9999999999999999, 1.0, 1.0, 1.0000000000000002, 0.9999999999999999, 0.9999999999999998, 1.0, 1.0, 1.0000000000000002, 1.0, 1.0, 1.0, 0.9999999999999998, 0.9999999999999999, 0.9999999999999999, 1.0, 1.0, 1.0, 1.0, 1.0, 1.0, 0.9999999999999999, 1.0, 1.0, 1.0, 1.0, 0.9999999999999999, 1.0, 1.0, 1.0, 0.9999999999999999, 1.0, 0.9999999999999999, 1.0, 1.0000000000000002, 1.0, 1.0, 1.0, 0.9999999999999999, 1.0, 1.0, 1.0, 1.0000000000000002, 1.0, 1.0, 1.0, 1.0, 0.9999999999999999, 0.9999999999999999, 1.0, 1.0, 1.0, 1.0, 0.9999999999999999, 0.9999999999999999, 1.0, 1.0, 1.0, 0.9999999999999999, 1.0, 0.9999999999999999, 1.0, 1.0, 1.0000000000000002, 1.0, 1.0, 0.9999999999999999, 1.0, 0.9999999999999999, 1.0, 1.0, 1.0, 1.0, 0.9999999999999999, 1.0, 0.9999999999999998, 1.0, 0.9999999999999999, 1.0, 0.9999999999999998, 1.0, 0.9999999999999999, 0.9999999999999999, 0.9999999999999999, 1.0, 0.9999999999999999, 1.0, 0.9999999999999999, 0.9999999999999999, 1.0, 1.0000000000000002, 1.0, 0.9999999999999998, 1.0, 0.9999999999999999, 1.0, 1.0, 0.9999999999999999, 0.9999999999999999, 0.9999999999999999, 1.0, 1.0, 1.0, 1.0, 1.0, 0.9999999999999999, 0.9999999999999999, 1.0, 1.0, 1.0, 1.0, 1.0, 0.9999999999999999, 0.9999999999999999, 1.0, 1.0, 0.9999999999999999, 1.0, 0.9999999999999997, 1.0000000000000002, 0.9999999999999998, 1.0000000000000002, 1.0, 0.9999999999999999, 0.9999999999999999, 1.0, 0.9999999999999999, 1.0, 0.9999999999999999, 1.0, 1.0000000000000002, 0.9999999999999999, 0.9999999999999999, 1.0000000000000002, 0.9999999999999999, 1.0, 1.0, 0.9999999999999999, 1.0, 0.9999999999999999, 0.9999999999999999, 1.0, 1.0, 1.0, 1.0000000000000002, 1.0, 1.0, 1.0, 1.0, 1.0, 1.0, 0.9999999999999999, 1.0, 1.0, 0.9999999999999998, 1.0, 0.9999999999999999, 0.9999999999999999, 0.9999999999999998, 1.0, 1.0, 1.0, 0.9999999999999999, 0.9999999999999999, 0.9999999999999999, 1.0, 1.0, 1.0, 0.9999999999999998, 1.0, 1.0, 0.9999999999999999, 1.0, 0.9999999999999999, 0.9999999999999999, 1.0, 1.0, 1.0, 1.0000000000000002, 0.9999999999999998, 0.9999999999999999, 0.9999999999999999, 0.9999999999999998, 0.9999999999999999, 1.0000000000000002, 1.0, 1.0, 1.0, 1.0, 1.0, 1.0, 0.9999999999999998, 1.0, 0.9999999999999999, 1.0000000000000002, 1.0, 0.9999999999999999, 1.0, 0.9999999999999999, 0.9999999999999999, 1.0, 1.0, 0.9999999999999999, 0.9999999999999999, 1.0, 0.9999999999999999, 1.0, 1.0]","[0.001, 0.001, 0.001, 0.001, 0.001, 0.001, 0.001, 0.001, 0.001, 0.001, 0.001, 0.001, 0.001, 0.001, 0.001, 0.001, 0.001, 0.001, 0.001, 0.001, 0.001, 0.001, 0.001, 0.001, 0.001, 0.001, 0.001, 0.001, 0.001, 0.001, 0.001, 0.001, 0.001, 0.001, 0.001, 0.001, 0.001, 0.001, 0.001, 0.001, 0.001, 0.001, 0.001, 0.001, 0.001, 0.001, 0.001, 0.001, 0.001, 0.001, 0.001, 0.001, 0.001, 0.001, 0.001, 0.001, 0.001, 0.001, 0.001, 0.001, 0.001, 0.001, 0.001, 0.001, 0.001, 0.001, 0.001, 0.001, 0.001, 0.001, 0.001, 0.001, 0.001, 0.001, 0.001, 0.001, 0.001, 0.001, 0.001, 0.001, 0.001, 0.001, 0.001, 0.001, 0.001, 0.001, 0.001, 0.001, 0.001, 0.001, 0.001, 0.001, 0.001, 0.001, 0.001, 0.001, 0.001, 0.001, 0.001, 0.001, 0.001, 0.001, 0.001, 0.001, 0.001, 0.001, 0.001, 0.001, 0.001, 0.001, 0.001, 0.001, 0.001, 0.001, 0.001, 0.001, 0.001, 0.001, 0.001, 0.001, 0.001, 0.001, 0.001, 0.001, 0.001, 0.001, 0.001, 0.001, 0.001, 0.001, 0.001, 0.001, 0.001, 0.001, 0.001, 0.001, 0.001, 0.001, 0.001, 0.001, 0.001, 0.001, 0.001, 0.001, 0.001, 0.001, 0.001, 0.001, 0.001, 0.001, 0.001, 0.001, 0.001, 0.001, 0.001, 0.001, 0.001, 0.001, 0.001, 0.001, 0.001, 0.001, 0.001, 0.001, 0.001, 0.001, 0.001, 0.001, 0.001, 0.001, 0.001, 0.001, 0.001, 0.001, 0.001, 0.001, 0.001, 0.001, 0.001, 0.001, 0.001, 0.001, 0.001, 0.001, 0.001, 0.001, 0.001, 0.001, 0.001, 0.001, 0.001, 0.001, 0.001, 0.001, 0.001, 0.001, 0.001, 0.001, 0.001, 0.001, 0.001, 0.001, 0.001, 0.001, 0.001, 0.001, 0.001, 0.001, 0.001, 0.001, 0.001, 0.001, 0.001, 0.001, 0.001, 0.001, 0.001, 0.001, 0.001, 0.001, 0.001, 0.001, 0.001, 0.001, 0.001, 0.001, 0.001, 0.001, 0.001, 0.001, 0.001, 0.001, 0.001, 0.001, 0.001, 0.001, 0.001, 0.001, 0.001, 0.001, 0.001, 0.001, 0.001, 0.001, 0.001, 0.001, 0.001, 0.001, 0.001, 0.001, 0.001, 0.001, 0.001, 0.001, 0.001, 0.001, 0.001, 0.001, 0.001, 0.001, 0.001, 0.001, 0.001, 0.001, 0.001, 0.001, 0.001, 0.001, 0.001, 0.001, 0.001, 0.001, 0.001, 0.001, 0.001, 0.001, 0.001, 0.001, 0.001, 0.001, 0.001, 0.001, 0.001, 0.001, 0.001, 0.001, 0.001, 0.001, 0.001, 0.001, 0.001, 0.001, 0.001, 0.001, 0.001, 0.001, 0.001, 0.001, 0.001, 0.001, 0.001, 0.001, 0.001, 0.001, 0.001, 0.001, 0.001, 0.001, 0.001, 0.001, 0.001, 0.001, 0.001, 0.001, 0.001, 0.001, 0.001, 0.001, 0.001, 0.001, 0.001, 0.001, 0.001, 0.001, 0.001, 0.001, 0.001, 0.001, 0.001, 0.001, 0.001, 0.001, 0.001, 0.001, 0.001, 0.001, 0.001, 0.001, 0.001, 0.001, 0.001, 0.001, 0.001, 0.001, 0.001, 0.001, 0.001, 0.001, 0.001, 0.001, 0.001, 0.001, 0.001, 0.001, 0.001, 0.001, 0.001, 0.001, 0.001, 0.001, 0.001, 0.001, 0.001, 0.001, 0.001, 0.001, 0.001, 0.001, 0.001, 0.001, 0.001, 0.001, 0.001, 0.001, 0.001, 0.001, 0.001, 0.001, 0.001, 0.001, 0.001, 0.001, 0.001, 0.001, 0.001, 0.001, 0.001, 0.001, 0.001, 0.001, 0.001, 0.001, 0.001, 0.001, 0.001, 0.001, 0.001, 0.001, 0.001, 0.001, 0.001, 0.001, 0.001, 0.001, 0.001, 0.001, 0.001, 0.001, 0.001, 0.001, 0.001, 0.001, 0.001, 0.001, 0.001, 0.001, 0.001, 0.001, 0.001, 0.001, 0.001, 0.001, 0.001, 0.001, 0.001, 0.001, 0.001, 0.001, 0.001, 0.001, 0.001, 0.001, 0.001, 0.001, 0.001, 0.001, 0.001, 0.001, 0.001, 0.001, 0.001, 0.001, 0.001, 0.001, 0.001, 0.001, 0.001, 0.001, 0.001, 0.001, 0.001, 0.001, 0.001, 0.001, 0.001, 0.001, 0.001, 0.001, 0.001, 0.001, 0.001, 0.001, 0.001, 0.001, 0.001, 0.001, 0.001, 0.001, 0.001, 0.001, 0.001, 0.001, 0.001, 0.001, 0.001, 0.001, 0.001, 0.001, 0.001, 0.001, 0.001, 0.001, 0.001, 0.001, 0.001, 0.001, 0.001, 0.001, 0.001, 0.001, 0.001, 0.001, 0.001, 0.001, 0.001, 0.001, 0.001, 0.001, 0.001, 0.001, 0.001, 0.001, 0.001, 0.001, 0.001, 0.001, 0.001, 0.001, 0.001, 0.001, 0.001, 0.001, 0.001, 0.001, 0.001, 0.001, 0.001, 0.001, 0.001, 0.001, 0.001, 0.001, 0.001, 0.001, 0.001, 0.001, 0.001, 0.001, 0.001, 0.001, 0.001, 0.001, 0.001, 0.001, 0.001, 0.001, 0.001, 0.001, 0.001, 0.001, 0.001, 0.001, 0.001, 0.001, 0.001, 0.001, 0.001, 0.001, 0.001, 0.001, 0.001, 0.001, 0.001, 0.001, 0.001, 0.001, 0.001, 0.001, 0.001, 0.001, 0.001, 0.001, 0.001, 0.001, 0.001, 0.001, 0.001, 0.001, 0.001, 0.001, 0.001, 0.001, 0.001, 0.001, 0.001, 0.001, 0.001, 0.001, 0.001, 0.001, 0.001, 0.001, 0.001, 0.001, 0.001, 0.001, 0.001, 0.001, 0.001, 0.001, 0.001, 0.001, 0.001, 0.001, 0.001, 0.001, 0.001, 0.001, 0.001, 0.001, 0.001, 0.001, 0.001, 0.001, 0.001, 0.001, 0.001, 0.001, 0.001, 0.001, 0.001, 0.001, 0.001, 0.001, 0.001, 0.001, 0.001, 0.001, 0.001, 0.001, 0.001, 0.001, 0.001, 0.001, 0.001, 0.001, 0.001, 0.001, 0.001, 0.001, 0.001, 0.001, 0.001, 0.001, 0.001, 0.001, 0.001, 0.001, 0.001, 0.001, 0.001, 0.001, 0.001, 0.001, 0.001, 0.001, 0.001, 0.001, 0.001, 0.001, 0.001, 0.001, 0.001, 0.001, 0.001, 0.001, 0.001, 0.001, 0.001, 0.001, 0.001, 0.001, 0.001, 0.001, 0.001, 0.001, 0.001, 0.001, 0.001, 0.001, 0.001, 0.001, 0.001, 0.001, 0.001, 0.001, 0.001, 0.001, 0.001, 0.001, 0.001, 0.001, 0.001, 0.001, 0.001, 0.001, 0.001, 0.001, 0.001, 0.001, 0.001, 0.001, 0.001, 0.001, 0.001, 0.001, 0.001, 0.001, 0.001, 0.001, 0.001, 0.001, 0.001, 0.001, 0.001, 0.001, 0.001, 0.001, 0.001, 0.001, 0.001, 0.001, 0.001, 0.001, 0.001, 0.001, 0.001, 0.001, 0.001, 0.001, 0.001, 0.001, 0.001, 0.001, 0.001, 0.001, 0.001, 0.001, 0.001, 0.001, 0.001, 0.001, 0.001, 0.001, 0.001, 0.001, 0.001, 0.001, 0.001, 0.001, 0.001, 0.001, 0.001, 0.001, 0.001, 0.001, 0.001, 0.001, 0.001, 0.001, 0.001, 0.001, 0.001, 0.001, 0.001, 0.001, 0.001, 0.001, 0.001, 0.001, 0.001, 0.001, 0.001, 0.001, 0.001, 0.001, 0.001, 0.001, 0.001, 0.001, 0.001, 0.001, 0.001, 0.001, 0.001, 0.001, 0.001, 0.001, 0.001, 0.001, 0.001, 0.001, 0.001, 0.001, 0.001, 0.001, 0.001, 0.001, 0.001, 0.001, 0.001, 0.001, 0.001, 0.001, 0.001, 0.001, 0.001, 0.001, 0.001, 0.001, 0.001, 0.001, 0.001, 0.001, 0.001, 0.001, 0.001, 0.001, 0.001, 0.001, 0.001, 0.001, 0.001, 0.001, 0.001, 0.001, 0.001, 0.001, 0.001, 0.001, 0.001, 0.001, 0.001, 0.001, 0.001, 0.001, 0.001, 0.001, 0.001, 0.001, 0.001, 0.001, 0.001, 0.001, 0.001, 0.001, 0.001, 0.001, 0.001, 0.001, 0.001, 0.001, 0.001, 0.001, 0.001, 0.001, 0.001, 0.001, 0.001, 0.001, 0.001, 0.001, 0.001, 0.001, 0.001, 0.001, 0.001, 0.001, 0.001, 0.001, 0.001, 0.001, 0.001, 0.001, 0.001, 0.001, 0.001, 0.001, 0.001, 0.001, 0.001, 0.001, 0.001, 0.001, 0.001, 0.001, 0.001, 0.001, 0.001, 0.001, 0.001, 0.001, 0.001, 0.001, 0.001, 0.001, 0.001, 0.001, 0.001, 0.001, 0.001, 0.001, 0.001, 0.001, 0.001, 0.001, 0.001, 0.001, 0.001, 0.001, 0.001, 0.001, 0.001, 0.001, 0.001, 0.001, 0.001, 0.001, 0.001, 0.001, 0.001, 0.001, 0.001, 0.001, 0.001, 0.001, 0.001, 0.001, 0.001, 0.001, 0.001, 0.001, 0.001, 0.001, 0.001, 0.001, 0.001, 0.001, 0.001, 0.001, 0.001, 0.001, 0.001, 0.001, 0.001, 0.001, 0.001, 0.001, 0.001, 0.001, 0.001, 0.001, 0.001, 0.001, 0.001, 0.001, 0.001, 0.001, 0.001, 0.001, 0.001, 0.001, 0.001, 0.001, 0.001, 0.001, 0.001, 0.001, 0.001, 0.001, 0.001, 0.001, 0.001, 0.001, 0.001, 0.001, 0.001, 0.001, 0.001, 0.001, 0.001, 0.001, 0.001, 0.001, 0.001, 0.001, 0.001, 0.001, 0.001, 0.001, 0.001, 0.001, 0.001, 0.001, 0.001, 0.001, 0.001, 0.001, 0.001, 0.001, 0.001, 0.001, 0.001, 0.001, 0.001, 0.001, 0.001, 0.001, 0.001, 0.001, 0.001, 0.001, 0.001, 0.001, 0.001, 0.001, 0.001, 0.001, 0.001, 0.001, 0.001, 0.001, 0.001, 0.001, 0.001, 0.001, 0.001, 0.001, 0.001, 0.001, 0.001, 0.001, 0.001, 0.001, 0.001, 0.001, 0.001, 0.001, 0.001, 0.001, 0.001, 0.001, 0.001, 0.001, 0.001, 0.001, 0.001, 0.001, 0.001, 0.001, 0.001, 0.001, 0.001, 0.001, 0.001, 0.001, 0.001, 0.001, 0.001, 0.001, 0.001, 0.001, 0.001, 0.001, 0.001, 0.001, 0.001, 0.001, 0.001, 0.001, 0.001, 0.001, 0.001, 0.001, 0.001, 0.001, 0.001, 0.001, 0.001, 0.001, 0.001, 0.001, 0.001, 0.001, 0.001, 0.001, 0.001, 0.001, 0.001, 0.001, 0.001, 0.001, 0.001, 0.001, 0.001, 0.001, 0.001, 0.001, 0.001, 0.001, 0.001, 0.001, 0.001, 0.001, 0.001, 0.001, 0.001, 0.001, 0.001, 0.001, 0.001, 0.001, 0.001, 0.001, 0.001, 0.001, 0.001, 0.001, 0.001, 0.001, 0.001, 0.001, 0.001, 0.001, 0.001, 0.001, 0.001, 0.001, 0.001, 0.001, 0.001, 0.001, 0.001, 0.001, 0.001, 0.001, 0.001, 0.001, 0.001, 0.001, 0.001, 0.001, 0.001, 0.001, 0.001, 0.001, 0.001, 0.001, 0.001, 0.001, 0.001, 0.001, 0.001, 0.001, 0.001, 0.001, 0.001, 0.001, 0.001, 0.001, 0.001, 0.001, 0.001, 0.001, 0.001, 0.001, 0.001, 0.001, 0.001, 0.001, 0.001, 0.001, 0.001, 0.001, 0.001, 0.001, 0.001, 0.001, 0.001, 0.001, 0.001, 0.001, 0.001, 0.001, 0.001, 0.001, 0.001, 0.001, 0.001, 0.001, 0.001, 0.001, 0.001, 0.001, 0.001, 0.001, 0.001, 0.001, 0.001, 0.001, 0.001, 0.001, 0.001, 0.001, 0.001, 0.001, 0.001, 0.001, 0.001, 0.001, 0.001, 0.001, 0.001, 0.001, 0.001, 0.001, 0.001, 0.001, 0.001, 0.001, 0.001, 0.001, 0.001, 0.001, 0.001, 0.001, 0.001, 0.001, 0.001, 0.001, 0.001, 0.001, 0.001, 0.001, 0.001, 0.001, 0.001, 0.001, 0.001, 0.001, 0.001, 0.001, 0.001, 0.001, 0.001, 0.001, 0.001, 0.001, 0.001, 0.001, 0.001, 0.001, 0.001, 0.001, 0.001, 0.001, 0.001, 0.001, 0.001, 0.001, 0.001, 0.001, 0.001, 0.001, 0.001, 0.001, 0.001, 0.001, 0.001, 0.001, 0.001, 0.001, 0.001, 0.001, 0.001, 0.001, 0.001, 0.001, 0.001, 0.001, 0.001, 0.001, 0.001, 0.001, 0.001, 0.001, 0.001, 0.001, 0.001, 0.001, 0.001, 0.001, 0.001, 0.001, 0.001, 0.001, 0.001, 0.001, 0.001, 0.001, 0.001, 0.001, 0.001, 0.001, 0.001, 0.001, 0.001, 0.001, 0.001, 0.001, 0.001, 0.001, 0.001, 0.001, 0.001, 0.001, 0.001, 0.001, 0.001, 0.001, 0.001, 0.001, 0.001, 0.001, 0.001, 0.001, 0.001, 0.001, 0.001, 0.001, 0.001, 0.001, 0.001, 0.001, 0.001, 0.001, 0.001, 0.001, 0.001, 0.001, 0.001, 0.001, 0.001, 0.001, 0.001, 0.001, 0.001, 0.001, 0.001, 0.001, 0.001, 0.001, 0.001, 0.001, 0.001, 0.001, 0.001, 0.001, 0.001, 0.001, 0.001, 0.001, 0.001, 0.001, 0.001, 0.001, 0.001, 0.001, 0.001, 0.001, 0.001, 0.001, 0.001, 0.001, 0.001, 0.001, 0.001, 0.001, 0.001, 0.001, 0.001, 0.001, 0.001, 0.001, 0.001, 0.001, 0.001, 0.001, 0.001, 0.001, 0.001, 0.001, 0.001, 0.001, 0.001, 0.001, 0.001, 0.001, 0.001, 0.001, 0.001, 0.001, 0.001, 0.001, 0.001, 0.001, 0.001, 0.001, 0.001, 0.001, 0.001, 0.001, 0.001, 0.001, 0.001, 0.001, 0.001, 0.001, 0.001, 0.001, 0.001, 0.001, 0.001, 0.001, 0.001, 0.001, 0.001, 0.001, 0.001, 0.001, 0.001, 0.001, 0.001, 0.001, 0.001, 0.001, 0.001, 0.001, 0.001, 0.001, 0.001, 0.001, 0.001, 0.001, 0.001, 0.001, 0.001, 0.001, 0.001, 0.001, 0.001, 0.001, 0.001, 0.001, 0.001, 0.001, 0.001, 0.001, 0.001, 0.001, 0.001, 0.001, 0.001, 0.001, 0.001, 0.001, 0.001, 0.001, 0.001, 0.001, 0.001, 0.001, 0.001, 0.001, 0.001, 0.001, 0.001, 0.001, 0.001, 0.001, 0.001, 0.001, 0.001, 0.001, 0.001, 0.001, 0.001, 0.001, 0.001, 0.001, 0.001, 0.001, 0.001, 0.001, 0.001, 0.001, 0.001, 0.001, 0.001, 0.001, 0.001, 0.001, 0.001, 0.001, 0.001, 0.001, 0.001, 0.001, 0.001, 0.001]"
4,0.0305054215511693,0.9987420699792272,0.051380503379450736,1.3990132423007808,300.07923689484596,1500,299,28.29564431646085,"[12625.201626613263, 13079.64283406466, 12931.502331641574, 12613.652815058174, 8341.638718554414, 12900.370995277293, 12636.29674597968, 12829.02020360296, 12672.085478710726, 8399.901478896392, 13014.768964299396, 12622.490337876154, 12773.569876728805, 12477.27787604945, 8395.221026228866, 12911.568928632829, 12494.044214795866, 12869.560121554936, 12591.658881212257, 8261.455917108478, 12584.58017180063, 12494.044815460797, 12892.45787294602, 12800.964843522333, 8200.616785058792, 12530.796989301252, 12599.484010896147, 12839.615293858415, 12613.976093005964, 8233.22175208141, 12721.763771104988, 12488.202900074308, 12749.696801707121, 12631.316902895644, 8070.628174640636, 12439.706226508344, 12767.39148549019, 12622.17377321434, 12601.61796784489, 8075.108892718589, 12514.367866862443, 12644.574111249543, 12353.055036599251, 12442.24828780663, 8396.383977897514, 12404.206675003084, 12639.390783217781, 12389.434903649844, 12424.172763340453, 8338.586416534, 12413.718269396471, 12484.88379672224, 12571.429872922512, 12478.206142859915, 8093.235610359021, 12477.338066035445, 12290.021766315596, 12428.29142642437, 12452.186273420763, 8239.412928425236, 12420.125126839477, 12325.747274156349, 12520.920475598043, 12375.439258052986, 8091.163286368217, 12619.90719803893, 12189.078997555034, 12346.820776645345, 12200.745581397852, 8222.940935758299, 12188.701131524986, 12287.200538234709, 12407.480893398617, 12244.290627525244, 8297.374536155887, 12091.463567958439, 12168.283934197018, 12262.146773831899, 12667.129096352071, 8081.420537481448, 12380.97134624841, 12061.953150660516, 12187.840159058982, 12423.64409437165, 8061.217368398433, 12381.096091520478, 12056.882965028162, 12212.25410434544, 12312.159493286706, 7997.468522839721, 12172.271434328477, 12308.710288487822, 12075.534079323066, 12170.341380921423, 8076.124791380344, 12285.104424466797, 12143.089856126013, 12233.838611611158, 12190.190974834044, 7792.924551200321, 12219.638823430132, 12248.233241571688, 12145.25335833872, 12087.704503483397, 7784.970077045965, 12211.55975453863, 12358.418828671965, 11939.216468701838, 12138.22751557426, 7677.675327355217, 12089.206999043912, 12184.258217451963, 11946.133933014564, 12049.33534612178, 7893.673428284938, 11807.850127557005, 12233.741192194968, 11849.107622026839, 12296.2591319761, 7811.877302280022, 11844.008613754699, 11963.139419376672, 12221.676035341754, 11989.480534672804, 7815.806727944933, 11984.58549978612, 11857.41209350441, 12043.489963719383, 11879.926880622816, 7903.007703771095, 11989.061402659649, 11864.971128556297, 11873.54910160798, 11894.047046043315, 7880.210278889959, 11855.07017066049, 11890.369720332337, 11979.01725156943, 11764.334651832109, 7845.967212064208, 11709.236036096052, 11838.092175326536, 11811.097189232505, 11821.85926669795, 7986.934662396632, 12154.909169205683, 11686.379707560585, 11642.193421264858, 11701.422843158029, 7815.752993454631, 11839.932364310089, 11713.570458084841, 11835.412622460692, 11931.326025218827, 7513.733121977538, 11602.1424752628, 11756.640736218897, 11869.244780187204, 11777.076484292758, 7662.9404966788325, 11658.529149019243, 11566.61825234131, 11720.5079847928, 11806.852511501527, 7750.598651122555, 11597.747505294034, 11778.42150994662, 11629.484693430713, 11732.481993889385, 7601.140365748909, 11747.900171939853, 11698.32600708761, 11458.307611059967, 11694.929860144912, 7576.537886407022, 11577.380620589136, 11597.729121346401, 11583.277976763668, 11588.935826685405, 7665.36468955924, 11651.274934131052, 11492.477497327654, 11775.22540921749, 11344.845394345024, 7585.942806154512, 11457.513622821403, 11371.583411828507, 11518.49067107104, 11644.368423092154, 7694.076468071219, 11530.691219868286, 11648.390303443339, 11403.33031254615, 11412.822719664493, 7527.489033089111, 11637.552569354291, 11170.700860989318, 11535.368138922457, 11342.698101352189, 7672.028773170201, 11373.221343187903, 11481.599065722885, 11496.722620286386, 11477.230731551317, 7364.941637891698, 11299.705772146277, 11351.28365401947, 11511.48652344258, 11351.061193791127, 7514.780804503782, 11322.134246553418, 11297.8285800015, 11142.074885282715, 11567.27560691177, 7533.261090274413, 11107.820107248826, 11483.475350039644, 11253.619956452347, 11475.833946165545, 7375.833901987401, 11191.016091869837, 11271.316028415229, 11439.969943915698, 11386.7768700589, 7241.204416783396, 11215.676036885217, 11234.581814553181, 11232.533333090492, 11187.933050341164, 7492.756947559448, 11204.250461898382, 11182.310249975046, 11220.538977044136, 11258.07886962552, 7331.419159597391, 11141.63254462682, 11041.328669429213, 11395.811764887894, 11197.903603144252, 7252.710438634217, 11154.255118965573, 11104.163292960064, 10763.965786902687, 11386.540320951704, 7452.7745430876785, 11044.328024954093, 10984.871357277425, 11444.624305474097, 10950.116415296829, 7270.23449147028, 11098.060894256652, 11157.885659268008, 10937.149027456026, 11205.842047896364, 7127.214744741411, 11165.520131181867, 11011.977707663267, 11083.464073885501, 11047.3394826951, 7049.185312692894, 11025.060445781759, 11264.892958580162, 11023.325723901433, 10780.848759593613, 7093.6621547162795, 10860.477921202493, 11160.009732989012, 11044.579929187925, 10885.997905192688, 7065.5039555565745, 11112.3319898495, 10808.152761707317, 10700.645777295184, 11086.938752216154, 7135.675405447507, 10908.41891548351, 10836.373733314655, 10826.428854436099, 11008.443645928757, 7089.274097274301, 10785.644077657158, 10782.078649858624, 10739.55652104312, 10930.899370326884, 7253.289638591169, 11030.997005428912, 10830.39275358983, 10622.937972184387, 10772.592824619256, 7055.1968832161465, 10558.491961693786, 10863.131795166479, 10816.364276938077, 10786.638590144157, 7104.146119870187, 10827.773743494907, 10619.931946272705, 10717.6646515316, 10805.023586768031, 6972.944582103893, 10718.18540630696, 10746.899687485813, 10517.86703324591, 10788.38960184862, 6983.208939344758, 10589.93665886491, 10762.54147228714, 10495.534982105286, 10549.711438210856, 7165.078892783889, 10833.14339673828, 10426.072218069363, 10574.467695223402, 10604.951253888488, 6930.4338542475, 10633.237861507178, 10578.693896159473, 10549.827612803289, 10452.446637107525, 6958.166181142593, 10342.388676578712, 10372.839952690707, 10846.901802365657, 10450.002515189233, 6960.886271826895, 10707.465472165073, 10700.543522752516, 10304.491294731863, 10536.69923549677, 6524.3314828240445, 10398.256913517851, 10380.384669830808, 10489.47676554645, 10511.581554853274, 6790.611361175634, 10490.717946563462, 10277.674216471365, 10477.169180907413, 10296.293827776139, 6825.0826584796, 10204.04248565033, 10406.35197730243, 10545.82972318014, 10301.182423390146, 6704.883256607017, 10313.54448565306, 10416.87591472484, 10192.439016467815, 10377.351720050456, 6657.337337321815, 10485.885089923995, 10212.759342131489, 10192.973933326633, 10111.63081636039, 6749.97531136784, 10137.681599221578, 10268.083056844369, 10287.31836870598, 10043.610364539938, 6812.320351681312, 10121.151371562992, 10047.68540841475, 10106.93694509568, 10350.080137317374, 6720.395714108363, 9969.681566725652, 10285.263246275335, 10363.6783067181, 9980.622953491189, 6546.46318551936, 10172.476131579098, 10128.551145589257, 10149.96244043498, 9943.804023951714, 6551.396721879353, 10028.362697338525, 10055.26776164589, 10095.859131467836, 9962.361138269744, 6605.159423390505, 9811.92872275904, 9950.754092874544, 10100.732265767278, 10009.725663708492, 6674.926666790662, 9910.895794629034, 10017.695835065455, 9996.534396633964, 9816.809870584933, 6607.767206422081, 10321.601841953952, 9913.023859480838, 9741.161676454809, 9827.92900572794, 6347.103394695677, 9881.998632034096, 10034.636947190193, 9764.121184854854, 9782.516436141079, 6485.638396368046, 9945.073138350423, 9709.394118737713, 9719.647901426923, 9899.675971714902, 6471.875242246153, 9526.110069578961, 9843.806040113617, 9912.66663875132, 9909.711079810511, 6348.0255504932375, 9863.626580272938, 9790.631871373524, 9732.604386999305, 9736.917934994557, 6210.444362891744, 9527.36286729231, 9607.241603077375, 9743.45097399686, 9771.321352892495, 6474.704801626945, 9658.136320691567, 9874.75293123892, 9664.5278233803, 9555.004675662363, 6162.070733570057, 9781.930753178764, 9634.054402166861, 9472.471681111643, 9581.575625460899, 6231.813669686361, 9731.48289922806, 9610.486037944025, 9387.432306889337, 9395.760398192135, 6362.622445987668, 9360.025475057633, 9565.183490066605, 9279.277171508471, 9647.84576916116, 6419.632070229001, 9886.277766719191, 9392.98449838502, 9361.572242001079, 9371.592535488904, 6045.288684568097, 9325.250706585512, 9609.718230498162, 9351.06868560411, 9365.947794109692, 6187.785574382167, 9492.28171001573, 9410.887672641475, 9362.607633640493, 9262.056921336722, 6094.634215273392, 9132.64386526202, 9479.612608615938, 9317.260141973025, 9233.734659798027, 6239.535057409158, 9199.6741588513, 9194.386933977403, 9397.839912033134, 9334.419718805462, 6056.069177296496, 9303.192798121077, 9263.065069302815, 9111.92262386425, 9336.676698564226, 5945.2196299022135, 9032.410976102354, 9205.721325404073, 9133.499489297932, 9255.305781215286, 6106.68963357682, 9241.170043886637, 9058.647692988121, 9189.098296505743, 9198.615982563808, 5817.705785021193, 8933.243689263509, 8922.191897513527, 9104.732540501513, 9211.723437966792, 6098.154452663228, 9035.428482114612, 9171.627691556576, 9016.36138578776, 8965.813065753222, 5843.4228655439165, 8867.117663416215, 9073.485840848323, 8954.41684427461, 9028.024746060482, 5865.2316821958375, 8813.54740364872, 8898.43591576792, 9027.604874521265, 8876.675457245874, 5922.494385119127, 8892.41315281356, 8829.488485299496, 8793.737415783446, 8936.651655450667, 5832.478785541207, 8604.015484028007, 8905.444914628913, 8796.326157818383, 8953.28716107858, 5766.262426360875, 8733.027246720658, 8780.59490538013, 8827.109170397682, 8840.361792019059, 5581.579696298147, 8584.23260428185, 8794.146660734208, 8689.71254482115, 8801.26936012995, 5625.408681338157, 8545.796817841392, 8851.683599474105, 8613.257539103748, 8571.009651324377, 5642.171177759136, 8600.238712049775, 8532.545283944735, 8592.48467695725, 8684.712519457356, 5539.018593119124, 8529.048550434034, 8451.58024854227, 8503.242743664581, 8426.912084482783, 5759.536793736442, 8216.049356351936, 8534.147063988634, 8425.428006756541, 8548.051343148656, 5664.829577162773, 8460.554871147186, 8624.188662297573, 8313.392876183965, 8239.82063917406, 5467.77071377765, 8230.373656527154, 8270.554173279652, 8360.581385439711, 8507.884526269101, 5447.155811696292, 8292.843516864908, 8407.64295492214, 8118.046662292795, 8259.69122538219, 5448.371041692895, 8053.557923674594, 8265.472569801188, 8246.0022613899, 8315.313033091006, 5351.6509858151, 8247.560428599496, 8051.7758747646785, 8137.638554531287, 8184.977065642247, 5313.8899348635805, 8185.806598867044, 8208.505550673934, 8073.565195317089, 8021.936430199921, 5147.456874335494, 7930.67252689172, 7982.888386325806, 8023.733650637509, 8143.569214056828, 5251.9611420566835, 7954.620475301966, 7980.800916330235, 8115.36305997927, 7974.447626419485, 5003.7385444973515, 8109.70587356557, 7915.11655606757, 7784.419445248564, 7833.742664658825, 5078.651379864119, 7897.01780578291, 7750.500690905925, 7772.423590140157, 7758.872958518955, 5231.023242029074, 7710.032730373771, 7809.803317940301, 7838.125398223543, 7687.063190465618, 5052.257153498492, 7710.7045638347145, 7729.314207622644, 7768.025484138344, 7744.421399525438, 4829.858159067126, 7672.158898600672, 7775.314188047533, 7532.998471993065, 7566.440855834957, 4917.506636552002, 7716.13244349881, 7445.505625251174, 7583.441683308874, 7446.506467141625, 4951.994275726591, 7595.470864100072, 7456.164796865699, 7530.915677981126, 7478.390404444837, 4759.631204947758, 7456.94152954458, 7398.195579525287, 7343.645178030635, 7399.058931480834, 4896.338585245456, 7338.986680898213, 7397.382143385875, 7238.975007149924, 7356.298685618059, 4834.1172130845125, 7314.668060469137, 7230.842698135555, 7405.965902436064, 7126.717848848468, 4757.543854724275, 7287.587080461478, 7275.588485492509, 7333.294472174816, 6917.918762423493, 4688.503779065663, 7074.568713253669, 7236.563898806316, 7095.095925339071, 7038.128304663397, 4720.9011129368655, 7066.530426693215, 6941.358921108609, 7129.131002180615, 7131.215385279267, 4557.780714065617, 7151.360824923034, 6923.009174526665, 7006.409162150697, 6829.2984549120165, 4575.446842118753, 6973.950538547246, 6917.739338611214, 6881.026811228671, 6910.077935235128, 4457.088950821049, 6822.784002373507, 6909.980693379836, 6781.499772693625, 6675.68380195117, 4601.441597455678, 6708.645826312685, 6684.5338204274985, 6774.462424447705, 6722.785228008849, 4549.891245989495, 6584.899024192019, 6667.361620210302, 6751.75612009042, 6797.8729294694895, 4284.66504789884, 6576.186296202511, 6564.826042985347, 6611.291224096979, 6625.736412744905, 4351.613325722598, 6470.205221261224, 6548.284267651061, 6554.42317163066, 6593.221149373355, 4204.018251886425, 6586.013709275802, 6441.625236014552, 6273.915376862854, 6475.3564749334355, 4231.09310332379, 6405.545592999146, 6468.295894626849, 6286.976812891792, 6361.206530077849, 4119.9412768294305, 6243.171678845515, 6367.253351876241, 6280.147007262559, 6317.27368183388, 4064.2681419494415, 6395.40209818746, 6260.03750675241, 6218.572072530039, 6020.43604974045, 4007.465515720225, 6139.208562852642, 6174.823803083357, 6216.238350306388, 6053.826390801129, 3941.684631727877, 6121.834268612582, 6045.815853052442, 6039.707121285441, 6040.0908389077995, 3899.798927614738, 5840.795009957915, 6105.709935765712, 5938.644165628724, 5854.783643413004, 4024.2994212428057, 5860.028858509686, 5785.153288033984, 5933.899924116741, 5921.576986121411, 3879.6208301987826, 5801.670254593533, 5868.756482524004, 5811.68812707328, 5717.07844559714, 3795.121106600674, 5671.708199888963, 5651.935628909602, 5723.411327856728, 5773.308970550277, 3782.912815331205, 5680.320216544808, 5646.724340787057, 5572.043415863229, 5703.083130417778, 3610.4066943457906, 5533.83159954678, 5600.767138009957, 5573.508357742619, 5511.430295184, 3597.776475360602, 5463.181233828243, 5566.2706687304735, 5352.614272234512, 5382.829031780923, 3653.6941781438827, 5392.587317566033, 5348.712164642508, 5412.100663671583, 5333.71524886767, 3531.3948766285093, 5264.220912696754, 5261.000447724681, 5249.0575464057365, 5398.712226086912, 3441.456928234679, 5148.536635998102, 5201.202635002918, 5190.172538242857, 5217.661219874122, 3451.345986905156, 5244.560970216304, 5037.963185600785, 5148.501558735544, 5095.0273905171725, 3278.3770859572496, 5093.392477487593, 5089.840737510453, 4998.333700922104, 4945.802539380286, 3267.0872678743126, 4947.157948145227, 4913.939515579602, 4998.658780862686, 4848.516624506588, 3273.2655270353093, 4878.933082622356, 4878.242611770784, 4889.216613783094, 4799.85996360379, 3122.4602780952187, 4785.900549098089, 4835.997907941419, 4731.306363861801, 4748.92388602794, 3050.7592831960164, 4638.480279697781, 4732.764179979865, 4603.519053006989, 4648.954031865775, 3111.170038965474, 4664.876601859251, 4588.270692842527, 4559.363681803256, 4549.154288315762, 2955.4387622859977, 4573.4604166341005, 4423.952701892352, 4565.46532724432, 4418.014687176741, 2915.4903916611183, 4438.403388341221, 4402.921941087947, 4405.1225942511155, 4383.206866916584, 2843.5577527299356, 4289.744202985112, 4344.544016942293, 4284.790983809772, 4299.250882590844, 2830.1014685143855, 4271.9837392954105, 4232.705127721753, 4291.4218581106725, 4123.864774573352, 2705.3105474244753, 4196.986034428291, 4066.3613276787414, 4152.074185826612, 4152.36461370393, 2630.584318127886, 4082.694370480496, 4045.4972868465825, 4002.4357130321205, 4005.868657119271, 2633.6841775783787, 3990.3298411476117, 3910.185373881526, 4000.667985533403, 3853.0546146670667, 2586.8088811982675, 3843.585176311487, 3812.4588176573843, 3911.635465997253, 3865.6333132712225, 2477.1502815949198, 3842.8434420220788, 3767.464234352365, 3749.6027959071007, 3735.28020103531, 2386.3252226546547, 3761.337665226337, 3659.881783079413, 3594.4383951671784, 3652.408038510108, 2381.2377645816964, 3572.6010764281887, 3599.215433021897, 3638.687068527976, 3518.985154541153, 2286.8416761877475, 3586.442829561801, 3460.2238700757002, 3460.5473255490315, 3437.0891481362746, 2238.83282353114, 3389.083407228807, 3398.693228442214, 3405.6701283501175, 3414.836223398485, 2139.2833593193386, 3304.8873560068546, 3310.5677182783656, 3291.4887940683466, 3272.584688653421, 2132.6501008544765, 3272.2719916319065, 3165.673763627216, 3209.564692532872, 3176.745433418566, 2054.201923589248, 3071.536929181577, 3141.51025751837, 3115.1494127093147, 3098.313253803677, 2014.7795537124891, 3074.60747824039, 3007.1863920146457, 2948.067572847322, 3009.5730442645395, 1966.611174132882, 2908.106196162687, 2917.9352008312144, 2925.716181540638, 2946.741283677305, 1871.9974478677166, 2873.8358214619793, 2863.064806544287, 2808.485409179329, 2750.670468299795, 1839.6411179635852, 2757.834288083407, 2725.9804379311195, 2774.5351705941134, 2697.2022060155705, 1745.0718596435609, 2692.6071848693095, 2654.9220914883363, 2584.489612901952, 2639.5442247049045, 1693.9488402608563, 2592.308172476798, 2545.611898985724, 2549.8889617726113, 2503.0158109898985, 1641.831796686966, 2462.308915201032, 2486.050622872179, 2445.6538796083064, 2429.682198159011, 1575.7631048206717, 2367.736263113038, 2359.3383298037124, 2362.190360007574, 2354.030269712127, 1525.1882971535126, 2306.8975165896263, 2267.03862906596, 2241.3135589636404, 2248.5223907861064, 1474.2886710193218, 2213.905750133145, 2161.9055604349314, 2200.181648853768, 2124.6848876527097, 1410.8270500827443, 2101.256667227581, 2092.219377871028, 2076.3208356840246, 2067.5279684142974, 1349.3151516666371, 2044.146615183408, 2030.2297340906123, 1962.752006485198, 1977.2092253004334, 1251.2121942466679, 1952.0706421084828, 1895.1705046878792, 1910.4226234362534, 1863.4497297028063, 1224.5160982894465, 1836.28289080532, 1823.8099310174557, 1814.657582040748, 1800.9746466828517, 1155.0388746616577, 1758.3723828025572, 1731.909563001093, 1718.1468617914363, 1689.9762831885387, 1120.3894917540445, 1689.1198247955483, 1659.7160851292517, 1613.5947924806778, 1613.882908132748, 1037.5367813186967, 1564.5886220666937, 1574.162432729215, 1528.615357990357, 1542.9491445386134, 999.9669075293214, 1493.3826079741837, 1468.2056491705046, 1467.6803930967692, 1451.543637621374, 933.755443624062, 1411.4079747653686, 1378.8894835654887, 1371.8721506937316, 1364.347397929347, 896.8900760064923, 1348.9372511143808, 1304.7549069712084, 1286.4190539422375, 1282.8623669795568, 817.8227747985819, 1238.9964082923952, 1229.9276552389942, 1213.0915561242991, 1189.5834464998045, 792.9538181719598, 1176.6454268994898, 1145.656679290095, 1116.894474468787, 1136.1883119153556, 720.3456224038532, 1096.1624994307424, 1055.218270982742, 1065.3566423761501, 1033.3551066627294, 684.2428747668407, 987.5269174665456, 992.780827221681, 985.1504762298746, 985.869206430864, 631.1324370328429, 950.6712151615884, 917.4727831851876, 906.6987382011403, 891.9946561500219, 575.1344212649658, 879.0054683086304, 851.0754271338327, 828.964722204254, 822.2266746404173, 528.2288988618084, 802.9660089896538, 792.3340151052469, 767.2373780905635, 754.3446040707373, 471.1962443408089, 716.5910485640997, 716.9434108909118, 702.5375166125574, 695.778180718946, 446.3639980804874, 642.9440113903705, 648.6323170984505, 635.920413684509, 640.0708047368909, 412.47122194205235, 601.0880269562398, 569.4251427136714, 577.1185220439442, 584.6879826233392, 362.4425931797941, 547.2290634782754, 521.3405412510853, 517.5514115946185, 503.52875407982583, 333.62281580435183, 483.1682221068216, 487.0233985859755, 455.14984103611056, 449.31934505840627, 290.1089085073963, 444.71154862171653, 416.20704907704305, 407.7028215705063, 408.01968252970363, 245.06838528163036, 395.52023770818136, 372.88157692117346, 364.75404408085933, 334.87158064643063, 224.80984069553148, 336.1436114164906, 322.52357122307365, 315.25685532789885, 308.20111324469826, 198.46208341136585, 296.2953135257521, 279.8010886642022, 259.5881881035768, 272.45588390304107, 176.70912966620426, 263.1923142107277, 232.47334957257897, 230.00109930629313, 241.1818137336384, 139.37979164717208, 213.27368240073466, 211.42309424398348, 200.1633995789215, 206.92473462472705, 113.25081954419932, 188.5179971813281, 167.31867368764776, 174.4852470282959, 167.3575095445731, 104.57622517003095, 161.14075041168752, 139.89820934109164, 143.11844505710414, 142.49543557821553, 90.17250152621175, 140.5699510154163, 113.23659234239388, 135.76376640572408, 110.48735763280611, 72.47736513294281, 131.29306378513627, 106.37624044663751, 94.04186492234459, 89.7164196091628, 67.01528215109285, 98.5023486881048, 87.27529344329679, 90.44803886621307, 84.79463880304955, 63.81124263010641, 83.71212309903487, 88.64175227028433, 83.97823425769205, 74.59879232821615, 50.81311987005106, 74.286810174265, 82.98060399079846, 71.26519332929439, 75.2509188349887, 56.58070494943674, 73.25990448757287, 84.32357355209624, 77.15692441630252, 78.62181461932003, 44.166251741417405, 73.96763755716455, 76.34110824337786, 84.05125906228852, 76.80618324251257, 59.01760447513868, 82.44732315322896, 87.88159136893987, 79.44042046646152, 72.35239850021037, 48.194503501828784, 73.29049918910437, 78.21419745719564, 78.03328452364265, 70.08302300708525, 52.25885510781375, 67.14032923831945, 76.59827693424197, 73.47803831586843, 65.13160307406979, 49.43111788974268, 70.97095560457696, 69.91165284818901, 63.35538023043262, 73.83325408543551, 47.19269350762131, 67.530297055212, 69.54004486098316, 67.46147304600451, 71.44878202026945, 44.3136460645927, 70.67332306582027, 58.41727515171597, 74.04192761955407, 63.41684837685102, 46.568192568640946, 71.19443071342755, 66.02561049329954, 61.45105295257263, 59.5512771076798, 46.90266282407032, 59.56588331619494, 64.36005227501182, 69.91516519821738, 62.29859276239011, 43.39689609220155, 75.2554306014295, 65.589245551901, 57.54827889577268, 60.73325226547089, 34.583310780014564, 60.95016040944875, 55.28718288770047, 78.57013045080147, 59.69297012861669, 33.12102173757089, 61.87642775055519, 66.61286075658592, 68.97442522161012, 55.98655548246394, 28.450201605595797, 60.02382348943298, 52.01114998030052, 59.50681073279111, 63.387522214405244, 41.83953992081923, 54.0558698518886, 61.94544529070633, 64.68847157672542, 55.399821232482616, 35.615036493626505, 56.040007914141434, 56.739431557629516, 59.00214744652444, 49.57133523372579, 45.55577895349336, 54.96956820759672, 51.45309492157749, 57.0442469338362, 57.64067071457133, 41.472946780542, 58.204527648770984, 58.81878577993924, 60.282421895763335, 49.79372249649896, 31.379364918897366, 55.397544794191546, 56.46307046196307, 54.05924081889361, 49.9076383396913, 38.77566001183287, 62.404955123445085, 51.108852343893375, 54.24572941483869, 48.25394885597763, 34.90275151122457, 56.76623954189, 54.087476230215685, 55.45369058417775, 42.997429518949986, 38.387009550545756, 54.67910776667384, 45.298269145352634, 52.935457132882064, 48.40679777685133, 43.31206490791408, 57.29634344342957, 49.45115841690712, 51.92304324817826, 56.94460705355092, 26.127704098286788, 60.46988799321746, 44.02877863623998, 57.89494974870214, 47.12497852982315, 29.60336085450051, 62.5004605456636, 51.62228533218002, 40.0561318503745, 48.9425186579192, 33.697736017414435, 52.26876977406364, 43.078237781711735, 51.19802931755587, 57.236905853700634, 30.845891708329578, 52.47207676955126, 52.31830514539637, 54.2020679873176, 42.97789054797127, 30.817268795073126, 51.325037722917195, 40.98051406719388, 64.70480402665508, 45.71922337085137, 28.407205259139896, 60.19646573880769, 49.379105956565986, 39.45291770099725, 52.40665029966258, 28.193273109961694, 54.83800771623181, 52.6237340440873, 46.607099785338285, 49.420181044119396, 24.904357643375135, 41.46332501343234, 54.55347814606581, 51.2634988848287, 46.003181481382526, 33.98704966234763, 52.83199821497504, 46.503074230068314, 44.02261368566302, 50.444689559687326, 32.4924432130323, 46.28776642787332, 48.55201981626539, 52.69648564782261, 47.7147114176674, 30.215486006637306, 40.767265162189126, 58.090718698112326, 38.4116274639433, 55.556675962502425, 31.72720290458506, 50.76956503205616, 49.00117433340797, 46.24945169624217, 40.711075428210904, 36.900529347157736, 43.79550603101697, 45.369412355942615, 57.60390801739143, 41.14203465265778, 34.685586186877366, 43.25739739872851, 59.687689177605684, 47.81103368707289, 42.1605579178278, 28.813018864169734, 48.1518234443343, 49.55722590139338, 48.245382778234095, 49.616033022868244, 24.97761765863708, 43.5064554687558, 49.85848312278147, 44.35034836161437, 46.289758400701736, 35.53874798636973, 45.37567215705732, 45.40869908875225, 42.7006012562513, 53.43200974256371, 31.58608982255929, 44.536866287669845, 47.21659974347944, 44.45495258697018, 44.61478325334247, 36.69373675556999, 36.69187392290064, 45.189426039705836, 48.40973597261424, 54.0098480590442, 32.41839942900611, 51.09212870328623, 50.71528831349857, 42.4253441333705, 41.69350846795905, 29.82209723180748, 45.79805614976966, 41.0189104301826, 60.38519194201693, 44.51056713911197, 23.165352125655428, 46.969876549945205, 44.713410472299834, 51.60992288049568, 47.36544295766684, 23.2906848848677, 44.65434272766549, 34.35049749600522, 50.23539696701712, 51.19465232685104, 32.51844418197215, 44.50812373487876, 51.4092542673867, 42.1711396560294, 41.873854464061445, 32.32103204348343, 35.90451423605897, 42.91288020054541, 51.142776601418795, 46.429581044170945, 34.96016088328609, 45.59937965949724, 43.265423392294, 47.5948474063432, 46.92196838920768, 27.0244691051792, 50.01327687310068, 53.415807684052076, 40.40017569840671, 41.17364304418375, 24.535354257290795, 42.68260993550099, 33.92918134470114, 46.13335619120028, 52.68309797927674, 33.15120761579928, 44.23798834293454, 43.932047940096396, 46.043940678741464, 50.180156164964274, 23.516244411369858, 45.92841089370669, 40.798163638622086, 51.8414696415498, 37.29526891824317, 31.10441945102696, 42.73689421510166, 49.274226770005114, 39.40869001168932, 45.02896237937771, 29.56062802212739, 44.65086993983612, 48.57992850166931, 40.87140051552495, 45.640973120021386, 25.411356889093717, 52.001393568641085, 37.16406949475685, 48.05909695603636, 39.37971513164182, 27.752883708070225, 47.34448564861653, 51.91600409393908, 43.66652609971779, 36.02257620770747, 24.798196682370072, 42.837562015727734, 39.925010517589435, 48.69050533657579, 48.3641043815855, 22.890630765968, 46.12907669490403, 43.470693129901406, 35.55620339368729, 49.95255691913175, 26.796545005394925, 37.54346598012972, 43.64654952569469, 45.6262474776682, 48.8808518836807, 25.319601965699448, 43.544759941033504, 37.45225353383719, 49.69703702295482, 43.8563095784802, 25.713612545084743, 41.574564199821474, 44.48823093500271, 44.706090722692586, 37.58304336824453, 31.071683854015326, 44.24278255260146, 38.557291360375295, 43.52625658134192, 41.91840866732242, 30.4242150362581, 45.880839453414104, 37.46984705680768, 39.79045067144017, 44.81771544895378, 29.895797875574043, 37.49895184100244, 44.82199753589008, 46.945649907344034, 44.006678425032185, 23.813018432522338, 38.43482098744558, 42.260528250582276, 38.99362706130597, 44.71507291665036, 31.93588118543068, 39.37367228051843, 38.08596922938806, 46.70995893228523, 45.06389699311694, 26.30642579441708, 33.713546722781984, 43.51399744980584, 45.94432009101124, 41.542874351224135, 30.106537851477217, 46.9928718356598, 39.24078961000788, 44.98974368525701, 31.677065546198538, 31.21956034376361, 35.955624557088925, 39.581631586017394, 47.85515495562489, 41.56579947043986, 28.435163087386115, 48.93965990659841, 38.704403038180736, 42.3356081984564, 41.14411719873664, 21.53351415936645, 36.9033732577955, 45.031568587884856, 33.91967272678628, 42.489204039900194, 33.611358725956684, 49.68664277154332, 39.93318433831026, 36.06337075438137, 40.69308814925597, 24.907748183033494, 43.3285698959061, 38.35050984934514, 41.5011494992353, 43.61375706322787, 23.8035842721253, 40.12400656765894, 39.69164788815481, 44.87759928719234, 40.720238666172705, 24.54415142641521, 39.29974296271051, 38.48666967173148, 42.627271425460115, 43.395014611950124, 25.524938802170997, 40.722492945697546, 45.646969698386, 40.152802041922286, 37.892266777919374, 24.275475954522133, 35.51085378575217, 38.39361684940088, 39.97938478013225, 44.44558648521461, 29.70373288925593, 39.69890920161275, 46.0384189922018, 34.062571960174154, 40.085878078463416, 27.713879144903707, 36.558690947343045, 37.35380291629844, 36.981565015906284, 47.679627149128486, 28.29564431646085]","[0.9999999999999998, 0.9999999999999998, 1.0, 0.9999999999999999, 0.9999999999999999, 0.9999999999999999, 0.9999999999999998, 0.9999999999999999, 1.0, 1.0, 1.0, 1.0, 1.0, 0.9999999999999999, 0.9999999999999999, 1.0, 1.0, 1.0, 0.9999999999999999, 1.0, 1.0, 1.0, 1.0, 0.9999999999999999, 0.9999999999999999, 1.0, 1.0, 0.9999999999999999, 0.9999999999999999, 1.0, 0.9999999999999998, 1.0000000000000002, 0.9999999999999999, 1.0000000000000002, 1.0000000000000002, 0.9999999999999999, 1.0000000000000002, 0.9999999999999999, 1.0, 1.0, 1.0, 1.0, 1.0, 0.9999999999999999, 1.0, 0.9999999999999999, 1.0, 1.0, 1.0, 1.0, 1.0, 1.0, 0.9999999999999999, 1.0, 1.0, 0.9999999999999999, 1.0, 1.0, 0.9999999999999999, 1.0, 0.9999999999999998, 1.0, 1.0, 1.0, 1.0, 1.0, 1.0, 1.0, 1.0, 0.9999999999999999, 1.0, 1.0, 0.9999999999999999, 1.0, 1.0, 1.0, 1.0, 1.0, 1.0, 1.0, 1.0, 0.9999999999999999, 0.9999999999999999, 0.9999999999999999, 1.0, 1.0, 0.9999999999999998, 1.0, 1.0, 1.0000000000000002, 1.0, 0.9999999999999999, 1.0, 1.0, 1.0, 1.0, 0.9999999999999999, 1.0, 1.0, 0.9999999999999999, 1.0, 1.0, 1.0, 0.9999999999999998, 1.0, 1.0, 0.9999999999999999, 0.9999999999999999, 1.0, 0.9999999999999999, 1.0, 1.0, 0.9999999999999999, 0.9999999999999999, 0.9999999999999999, 1.0, 1.0, 1.0, 0.9999999999999999, 1.0, 1.0, 1.0, 0.9999999999999999, 1.0, 0.9999999999999998, 1.0, 1.0, 0.9999999999999999, 0.9999999999999998, 1.0, 0.9999999999999999, 1.0, 1.0, 1.0, 0.9999999999999999, 0.9999999999999999, 1.0, 0.9999999999999999, 1.0, 0.9999999999999999, 1.0, 0.9999999999999999, 1.0, 1.0000000000000002, 1.0, 1.0, 1.0, 0.9999999999999998, 1.0, 1.0, 1.0, 1.0, 0.9999999999999999, 1.0, 1.0, 1.0, 1.0, 1.0, 1.0, 0.9999999999999999, 1.0, 0.9999999999999999, 1.0, 1.0, 0.9999999999999999, 0.9999999999999999, 0.9999999999999999, 1.0, 1.0, 1.0, 1.0, 0.9999999999999999, 0.9999999999999999, 0.9999999999999999, 1.0, 1.0000000000000002, 1.0, 1.0, 0.9999999999999999, 0.9999999999999999, 0.9999999999999999, 0.9999999999999999, 0.9999999999999999, 0.9999999999999999, 1.0000000000000002, 0.9999999999999999, 0.9999999999999999, 1.0, 1.0, 1.0, 1.0, 0.9999999999999999, 1.0, 0.9999999999999999, 1.0, 0.9999999999999999, 0.9999999999999999, 0.9999999999999999, 1.0, 1.0, 1.0, 0.9999999999999999, 0.9999999999999999, 1.0, 1.0, 1.0, 1.0, 1.0, 1.0, 1.0, 1.0, 1.0, 1.0, 0.9999999999999999, 1.0, 1.0, 0.9999999999999999, 0.9999999999999999, 1.0, 1.0, 0.9999999999999999, 0.9999999999999999, 1.0, 0.9999999999999999, 1.0000000000000002, 1.0, 0.9999999999999999, 0.9999999999999999, 1.0, 1.0, 0.9999999999999999, 1.0000000000000002, 1.0, 1.0000000000000002, 1.0, 1.0, 1.0, 0.9999999999999999, 0.9999999999999999, 1.0, 1.0, 1.0000000000000002, 1.0, 1.0, 1.0, 1.0, 1.0, 0.9999999999999999, 1.0, 0.9999999999999999, 1.0, 1.0, 0.9999999999999998, 1.0, 1.0, 1.0, 0.9999999999999999, 1.0, 0.9999999999999999, 1.0000000000000002, 1.0, 1.0, 1.0, 0.9999999999999999, 1.0, 0.9999999999999999, 0.9999999999999999, 1.0, 1.0, 0.9999999999999998, 1.0, 1.0, 0.9999999999999999, 1.0, 1.0, 1.0, 1.0, 1.0, 1.0000000000000002, 1.0, 1.0, 1.0, 1.0, 0.9999999999999999, 1.0, 1.0, 1.0, 1.0, 1.0, 0.9999999999999999, 1.0, 1.0, 1.0, 1.0, 1.0, 0.9999999999999999, 1.0, 1.0, 0.9999999999999998, 1.0, 0.9999999999999999, 0.9999999999999999, 1.0, 0.9999999999999999, 1.0, 1.0, 1.0, 0.9999999999999999, 1.0000000000000002, 0.9999999999999999, 1.0, 1.0, 1.0000000000000002, 1.0, 1.0, 0.9999999999999999, 0.9999999999999999, 1.0, 1.0, 1.0, 1.0, 1.0, 0.9999999999999999, 0.9999999999999999, 1.0, 0.9999999999999999, 1.0, 1.0, 0.9999999999999999, 1.0, 1.0, 1.0, 0.9999999999999999, 1.0, 0.9999999999999999, 0.9999999999999999, 1.0, 1.0, 1.0, 1.0, 0.9999999999999998, 0.9999999999999999, 1.0, 0.9999999999999999, 1.0, 0.9999999999999999, 1.0, 1.0, 1.0, 1.0, 1.0, 1.0, 1.0, 1.0, 0.9999999999999999, 0.9999999999999999, 0.9999999999999999, 0.9999999999999999, 1.0, 0.9999999999999999, 1.0, 1.0, 1.0, 1.0, 1.0, 0.9999999999999999, 1.0, 1.0, 1.0, 1.0, 0.9999999999999999, 1.0, 0.9999999999999999, 1.0, 1.0, 1.0, 1.0, 1.0, 1.0, 1.0, 1.0, 1.0, 1.0, 1.0, 1.0, 0.9999999999999999, 1.0, 1.0, 0.9999999999999998, 1.0, 1.0, 0.9999999999999999, 1.0, 1.0, 0.9999999999999999, 0.9999999999999999, 0.9999999999999999, 1.0, 0.9999999999999999, 1.0, 0.9999999999999999, 0.9999999999999999, 1.0, 0.9999999999999999, 1.0, 0.9999999999999999, 1.0, 0.9999999999999999, 1.0, 1.0, 1.0, 1.0, 1.0000000000000002, 1.0, 0.9999999999999999, 1.0, 1.0, 1.0, 1.0000000000000002, 1.0, 0.9999999999999999, 1.0, 1.0, 1.0, 0.9999999999999998, 1.0, 1.0, 1.0, 1.0000000000000002, 1.0, 0.9999999999999999, 0.9999999999999999, 1.0, 1.0, 0.9999999999999998, 0.9999999999999999, 1.0, 1.0, 0.9999999999999999, 1.0, 0.9999999999999999, 0.9999999999999998, 0.9999999999999999, 0.9999999999999999, 1.0, 0.9999999999999999, 1.0, 1.0, 1.0, 0.9999999999999999, 1.0000000000000002, 1.0, 0.9999999999999999, 0.9999999999999999, 0.9999999999999999, 1.0, 0.9999999999999999, 1.0, 0.9999999999999999, 0.9999999999999999, 0.9999999999999998, 1.0, 0.9999999999999998, 1.0, 1.0, 1.0, 0.9999999999999998, 1.0, 1.0000000000000002, 1.0, 1.0, 0.9999999999999999, 1.0, 0.9999999999999999, 0.9999999999999999, 0.9999999999999999, 1.0000000000000002, 1.0000000000000002, 1.0, 1.0, 1.0, 0.9999999999999999, 1.0, 0.9999999999999999, 1.0, 1.0, 1.0, 0.9999999999999999, 1.0, 1.0, 0.9999999999999999, 0.9999999999999999, 0.9999999999999999, 1.0, 1.0, 0.9999999999999998, 0.9999999999999999, 1.0, 1.0, 1.0, 0.9999999999999998, 1.0, 1.0, 1.0, 1.0, 1.0, 0.9999999999999999, 1.0, 1.0, 1.0, 1.0, 1.0, 0.9999999999999999, 0.9999999999999998, 1.0, 1.0, 1.0, 1.0, 1.0, 1.0, 0.9999999999999999, 1.0, 0.9999999999999999, 1.0, 1.0, 0.9999999999999999, 0.9999999999999999, 0.9999999999999999, 1.0, 0.9999999999999999, 0.9999999999999999, 1.0000000000000002, 1.0, 1.0, 0.9999999999999999, 1.0, 1.0, 1.0, 1.0, 1.0, 1.0, 1.0, 1.0, 0.9999999999999999, 1.0, 0.9999999999999999, 1.0, 1.0, 1.0, 1.0, 0.9999999999999999, 0.9999999999999999, 1.0, 1.0, 1.0, 0.9999999999999998, 1.0, 0.9999999999999999, 1.0, 1.0, 1.0, 1.0, 1.0, 1.0, 0.9999999999999999, 1.0, 1.0, 0.9999999999999999, 1.0, 1.0, 1.0, 1.0, 1.0, 0.9999999999999999, 0.9999999999999999, 1.0, 1.0000000000000002, 1.0, 0.9999999999999999, 1.0, 1.0, 0.9999999999999999, 0.9999999999999998, 1.0, 1.0, 1.0, 1.0, 1.0000000000000002, 1.0, 0.9999999999999999, 1.0, 1.0, 0.9999999999999999, 0.9999999999999999, 0.9999999999999999, 0.9999999999999999, 0.9999999999999998, 1.0, 1.0, 1.0, 1.0, 1.0, 1.0, 1.0, 1.0, 1.0, 1.0, 1.0, 1.0, 0.9999999999999999, 0.9999999999999999, 1.0, 1.0, 1.0, 0.9999999999999998, 1.0, 1.0, 1.0, 0.9999999999999999, 1.0, 0.9999999999999999, 1.0, 1.0, 0.9999999999999999, 1.0, 0.9999999999999998, 1.0, 1.0, 0.9999999999999999, 1.0, 1.0, 0.9999999999999998, 0.9999999999999999, 1.0, 1.0, 1.0, 0.9999999999999999, 1.0, 1.0, 0.9999999999999999, 1.0, 1.0, 1.0, 0.9999999999999999, 0.9999999999999999, 1.0, 1.0, 1.0, 1.0, 1.0, 1.0, 1.0, 0.9999999999999999, 0.9999999999999999, 1.0, 1.0, 0.9999999999999999, 1.0, 0.9999999999999998, 1.0, 1.0, 0.9999999999999999, 1.0, 1.0, 0.9999999999999999, 1.0, 1.0, 1.0, 1.0, 1.0, 0.9999999999999999, 1.0, 0.9999999999999999, 1.0, 1.0, 1.0, 1.0, 0.9999999999999999, 1.0, 1.0, 1.0, 1.0000000000000002, 0.9999999999999999, 1.0, 1.0, 1.0, 0.9999999999999999, 1.0, 1.0000000000000002, 0.9999999999999999, 1.0, 1.0, 1.0, 0.9999999999999999, 1.0, 1.0, 1.0000000000000002, 1.0000000000000002, 1.0, 0.9999999999999999, 1.0, 1.0, 1.0, 1.0, 1.0, 1.0, 0.9999999999999999, 0.9999999999999999, 1.0, 1.0, 0.9999999999999999, 1.0, 1.0, 0.9999999999999999, 0.9999999999999999, 1.0, 1.0, 0.9999999999999998, 1.0, 1.0, 1.0, 0.9999999999999999, 1.0, 1.0, 1.0, 0.9999999999999999, 1.0, 0.9999999999999999, 1.0, 1.0, 1.0, 1.0, 1.0, 1.0, 1.0, 0.9999999999999998, 1.0, 1.0, 0.9999999999999999, 0.9999999999999999, 1.0, 1.0, 1.0, 0.9999999999999999, 0.9999999999999999, 1.0, 0.9999999999999999, 0.9999999999999999, 1.0, 1.0, 1.0, 1.0, 1.0, 1.0, 0.9999999999999999, 1.0, 1.0, 0.9999999999999999, 0.9999999999999999, 1.0, 1.0, 1.0, 1.0, 1.0, 0.9999999999999999, 0.9999999999999999, 0.9999999999999999, 1.0, 1.0, 1.0, 1.0, 1.0, 1.0, 0.9999999999999999, 1.0, 1.0, 0.9999999999999999, 0.9999999999999999, 1.0, 1.0, 0.9999999999999999, 1.0, 0.9999999999999999, 1.0, 1.0, 1.0, 1.0, 0.9999999999999999, 1.0000000000000002, 1.0, 0.9999999999999999, 0.9999999999999998, 1.0000000000000002, 0.9999999999999999, 1.0, 1.0, 1.0, 1.0, 0.9999999999999999, 1.0, 0.9999999999999999, 1.0, 1.0, 0.9999999999999999, 1.0, 0.9999999999999999, 0.9999999999999999, 1.0000000000000002, 1.0, 0.9999999999999999, 1.0, 1.0, 1.0, 0.9999999999999999, 1.0, 0.9999999999999999, 1.0, 1.0, 1.0, 0.9999999999999999, 0.9999999999999999, 1.0, 1.0, 1.0, 0.9999999999999999, 1.0, 0.9999999999999999, 1.0, 1.0, 1.0, 1.0, 1.0, 1.0, 1.0, 1.0, 1.0, 1.0, 0.9999999999999999, 1.0000000000000002, 1.0, 0.9999999999999999, 0.9999999999999999, 1.0, 0.9999999999999999, 1.0, 1.0, 0.9999999999999999, 0.9999999999999999, 0.9999999999999999, 1.0, 1.0, 0.9999999999999999, 0.9999999999999999, 1.0, 1.0, 1.0, 0.9999999999999998, 0.9999999999999999, 1.0, 1.0, 1.0, 0.9999999999999999, 1.0, 1.0, 1.0, 1.0, 0.9999999999999999, 0.9999999999999999, 1.0, 1.0, 1.0, 1.0, 0.9999999999999999, 0.9999999999999999, 1.0, 1.0, 1.0, 1.0, 1.0, 1.0, 1.0, 1.0, 1.0, 0.9999999999999999, 0.9999999999999998, 1.0, 1.0, 1.0, 1.0, 1.0, 0.9999999999999999, 1.0, 1.0000000000000002, 0.9999999999999999, 1.0, 1.0, 0.9999999999999999, 1.0, 1.0, 1.0, 1.0, 0.9999999999999998, 0.9999999999999998, 0.9999999999999999, 1.0, 1.0, 1.0, 1.0, 1.0, 0.9999999999999999, 1.0, 1.0, 0.9999999999999999, 0.9999999999999999, 1.0, 1.0, 1.0, 1.0, 0.9999999999999999, 0.9999999999999999, 0.9999999999999998, 1.0, 0.9999999999999999, 0.9999999999999999, 1.0, 1.0000000000000002, 1.0, 0.9999999999999998, 0.9999999999999999, 1.0, 1.0, 1.0, 1.0, 1.0, 1.0000000000000002, 0.9999999999999999, 0.9999999999999999, 0.9999999999999999, 0.9999999999999999, 0.9999999999999999, 1.0, 1.0, 1.0000000000000002, 1.0, 0.9999999999999999, 1.0, 1.0, 1.0, 1.0, 0.9999999999999999, 0.9999999999999999, 0.9999999999999999, 0.9999999999999999, 0.9999999999999999, 1.0, 1.0, 0.9999999999999999, 0.9999999999999999, 1.0, 1.0, 0.9999999999999999, 0.9999999999999999, 1.0, 1.0, 1.0, 1.0, 0.9999999999999999, 1.0, 1.0, 1.0, 0.9999999999999999, 1.0, 1.0, 1.0, 1.0, 1.0, 1.0000000000000002, 1.0, 0.9999999999999998, 0.9999999999999999, 1.0, 1.0, 0.9999999999999999, 0.9999999999999999, 1.0, 1.0, 1.0, 0.9999999999999999, 1.0, 1.0, 0.9999999999999999, 0.9999999999999999, 0.9999999999999998, 1.0, 0.9999999999999999, 1.0, 1.0, 0.9999999999999998, 0.9999999999999999, 0.9999999999999999, 0.9999999999999999, 1.0, 1.0, 0.9999999999999999, 0.9999999999999999, 1.0, 1.0, 1.0, 1.0, 1.0, 1.0, 0.9999999999999999, 1.0, 0.9999999999999999, 0.9999999999999999, 1.0, 1.0, 1.0, 0.9999999999999999, 1.0, 1.0, 1.0, 1.0, 1.0, 1.0, 1.0, 0.9999999999999999, 0.9999999999999998, 0.9999999999999999, 1.0, 1.0, 1.0, 1.0000000000000002, 0.9999999999999999, 0.9999999999999999, 1.0, 1.0, 1.0, 1.0, 0.9999999999999999, 0.9999999999999999, 1.0, 0.9999999999999998, 0.9999999999999999, 1.0000000000000002, 1.0, 0.9999999999999999, 0.9999999999999999, 1.0, 1.0, 0.9999999999999999, 1.0, 1.0, 1.0, 0.9999999999999998, 1.0, 1.0, 1.0, 1.0, 1.0, 1.0, 0.9999999999999999, 1.0, 1.0, 1.0, 1.0, 1.0, 0.9999999999999999, 0.9999999999999998, 1.0, 1.0, 0.9999999999999998, 0.9999999999999999, 1.0, 0.9999999999999999, 1.0000000000000002, 0.9999999999999999, 0.9999999999999999, 1.0, 1.0, 1.0, 1.0, 0.9999999999999999, 1.0, 1.0, 1.0, 1.0, 0.9999999999999999, 1.0, 0.9999999999999999, 1.0, 0.9999999999999999, 1.0, 1.0, 1.0, 1.0, 1.0, 1.0, 1.0, 0.9999999999999999, 1.0, 1.0, 1.0000000000000002, 0.9999999999999998, 1.0, 0.9999999999999999, 1.0, 1.0, 0.9999999999999999, 0.9999999999999999, 0.9999999999999999, 0.9999999999999999, 1.0, 1.0, 0.9999999999999999, 1.0000000000000002, 1.0, 1.0, 1.0, 1.0, 1.0, 0.9999999999999999, 1.0, 0.9999999999999999, 1.0, 1.0, 1.0, 1.0, 1.0, 1.0, 1.0, 1.0, 0.9999999999999999, 1.0, 1.0, 1.0, 1.0, 1.0, 1.0, 0.9999999999999999, 1.0, 1.0, 1.0, 1.0, 0.9999999999999999, 0.9999999999999998, 1.0, 1.0, 1.0, 1.0000000000000002, 1.0, 0.9999999999999998, 0.9999999999999999, 1.0, 1.0, 0.9999999999999999, 0.9999999999999999, 0.9999999999999998, 0.9999999999999999, 0.9999999999999999, 1.0, 1.0, 0.9999999999999999, 1.0, 1.0, 1.0, 0.9999999999999999, 0.9999999999999998, 1.0, 0.9999999999999999, 0.9999999999999998, 1.0, 0.9999999999999999, 0.9999999999999999, 0.9999999999999999, 1.0, 1.0, 1.0, 0.9999999999999999, 1.0, 0.9999999999999999, 1.0, 0.9999999999999999, 1.0, 1.0, 1.0, 1.0, 1.0, 0.9999999999999999, 0.9999999999999999, 0.9999999999999999, 1.0, 1.0000000000000002, 1.0000000000000002, 1.0, 1.0, 0.9999999999999999, 1.0, 0.9999999999999999, 1.0, 0.9999999999999999, 0.9999999999999999, 0.9999999999999999, 1.0, 0.9999999999999999, 1.0, 0.9999999999999999, 0.9999999999999998, 1.0, 1.0000000000000002, 0.9999999999999999, 1.0, 1.0, 1.0, 1.0, 1.0, 1.0, 1.0, 1.0, 1.0000000000000002, 0.9999999999999999, 0.9999999999999999, 1.0, 1.0, 1.0, 1.0, 1.0, 1.0, 1.0, 1.0, 1.0, 1.0, 0.9999999999999999, 1.0, 0.9999999999999998, 1.0, 0.9999999999999998, 1.0, 1.0, 1.0, 1.0, 1.0, 0.9999999999999999, 0.9999999999999999, 1.0, 1.0, 0.9999999999999999, 1.0, 1.0, 1.0, 1.0, 1.0, 1.0, 1.0, 1.0, 0.9999999999999999, 0.9999999999999999, 0.9999999999999999, 1.0, 0.9999999999999999, 1.0, 0.9999999999999998, 1.0, 1.0, 1.0, 0.9999999999999999, 1.0, 1.0, 0.9999999999999998, 1.0, 1.0, 1.0, 0.9999999999999999, 1.0, 1.0, 1.0, 0.9999999999999999, 0.9999999999999999, 1.0, 1.0, 1.0, 1.0, 0.9999999999999999, 1.0000000000000002, 1.0, 1.0, 1.0, 1.0, 1.0, 1.0, 1.0, 0.9999999999999999, 0.9999999999999999, 1.0, 1.0, 0.9999999999999999, 1.0, 1.0, 1.0, 0.9999999999999998, 1.0, 1.0, 1.0, 0.9999999999999999, 0.9999999999999999, 1.0000000000000002, 0.9999999999999998, 0.9999999999999999, 1.0, 1.0, 0.9999999999999999, 0.9999999999999999, 1.0, 0.9999999999999999, 1.0, 0.9999999999999999, 0.9999999999999999, 0.9999999999999999, 0.9999999999999999, 0.9999999999999999, 1.0, 0.9999999999999999, 1.0, 1.0, 0.9999999999999998, 1.0, 1.0, 0.9999999999999998, 1.0, 1.0, 1.0000000000000002, 0.9999999999999999, 0.9999999999999999, 1.0, 1.0, 1.0000000000000002, 0.9999999999999999, 1.0, 1.0, 1.0, 0.9999999999999999, 1.0, 1.0, 0.9999999999999999, 1.0, 1.0, 0.9999999999999999, 1.0, 1.0, 1.0, 0.9999999999999999, 1.0, 1.0, 1.0, 1.0, 1.0, 1.0, 0.9999999999999999, 0.9999999999999999, 1.0, 1.0, 0.9999999999999998, 1.0, 1.0, 1.0, 1.0, 1.0, 1.0, 1.0, 1.0, 1.0, 1.0, 1.0, 0.9999999999999999, 1.0, 1.0, 1.0, 1.0, 0.9999999999999998, 1.0, 1.0, 1.0, 1.0, 1.0, 1.0, 1.0, 0.9999999999999999, 1.0, 0.9999999999999999, 1.0, 1.0, 0.9999999999999999, 0.9999999999999999, 1.0, 1.0, 1.0, 0.9999999999999999, 1.0, 1.0, 0.9999999999999999, 1.0, 1.0, 0.9999999999999999, 1.0, 1.0, 0.9999999999999999, 1.0, 1.0, 0.9999999999999999, 1.0, 1.0, 1.0, 1.0, 1.0, 0.9999999999999999, 1.0, 1.0, 0.9999999999999999, 0.9999999999999999, 1.0, 1.0, 0.9999999999999999, 1.0, 0.9999999999999999, 1.0, 1.0, 1.0, 1.0, 1.0, 1.0000000000000002, 1.0, 1.0, 1.0, 0.9999999999999999, 1.0000000000000002, 0.9999999999999999, 0.9999999999999999, 1.0, 1.0000000000000002, 0.9999999999999998, 0.9999999999999999, 1.0, 1.0, 0.9999999999999999, 0.9999999999999999, 1.0, 1.0, 0.9999999999999999, 1.0, 1.0, 0.9999999999999999, 1.0, 1.0, 1.0, 1.0, 1.0, 1.0, 1.0, 1.0, 1.0, 1.0, 0.9999999999999999, 1.0000000000000002, 0.9999999999999999, 1.0, 1.0000000000000002, 1.0, 0.9999999999999999, 1.0, 1.0, 1.0, 1.0, 1.0, 1.0, 1.0, 0.9999999999999999, 0.9999999999999999, 1.0, 0.9999999999999999, 1.0, 1.0, 0.9999999999999998, 1.0, 1.0, 1.0, 0.9999999999999999, 1.0, 1.0, 1.0, 1.0, 0.9999999999999999, 1.0, 0.9999999999999999, 0.9999999999999999, 0.9999999999999998, 0.9999999999999999, 0.9999999999999999, 0.9999999999999999, 0.9999999999999998, 1.0]","[0.001, 0.001, 0.001, 0.001, 0.001, 0.001, 0.001, 0.001, 0.001, 0.001, 0.001, 0.001, 0.001, 0.001, 0.001, 0.001, 0.001, 0.001, 0.001, 0.001, 0.001, 0.001, 0.001, 0.001, 0.001, 0.001, 0.001, 0.001, 0.001, 0.001, 0.001, 0.001, 0.001, 0.001, 0.001, 0.001, 0.001, 0.001, 0.001, 0.001, 0.001, 0.001, 0.001, 0.001, 0.001, 0.001, 0.001, 0.001, 0.001, 0.001, 0.001, 0.001, 0.001, 0.001, 0.001, 0.001, 0.001, 0.001, 0.001, 0.001, 0.001, 0.001, 0.001, 0.001, 0.001, 0.001, 0.001, 0.001, 0.001, 0.001, 0.001, 0.001, 0.001, 0.001, 0.001, 0.001, 0.001, 0.001, 0.001, 0.001, 0.001, 0.001, 0.001, 0.001, 0.001, 0.001, 0.001, 0.001, 0.001, 0.001, 0.001, 0.001, 0.001, 0.001, 0.001, 0.001, 0.001, 0.001, 0.001, 0.001, 0.001, 0.001, 0.001, 0.001, 0.001, 0.001, 0.001, 0.001, 0.001, 0.001, 0.001, 0.001, 0.001, 0.001, 0.001, 0.001, 0.001, 0.001, 0.001, 0.001, 0.001, 0.001, 0.001, 0.001, 0.001, 0.001, 0.001, 0.001, 0.001, 0.001, 0.001, 0.001, 0.001, 0.001, 0.001, 0.001, 0.001, 0.001, 0.001, 0.001, 0.001, 0.001, 0.001, 0.001, 0.001, 0.001, 0.001, 0.001, 0.001, 0.001, 0.001, 0.001, 0.001, 0.001, 0.001, 0.001, 0.001, 0.001, 0.001, 0.001, 0.001, 0.001, 0.001, 0.001, 0.001, 0.001, 0.001, 0.001, 0.001, 0.001, 0.001, 0.001, 0.001, 0.001, 0.001, 0.001, 0.001, 0.001, 0.001, 0.001, 0.001, 0.001, 0.001, 0.001, 0.001, 0.001, 0.001, 0.001, 0.001, 0.001, 0.001, 0.001, 0.001, 0.001, 0.001, 0.001, 0.001, 0.001, 0.001, 0.001, 0.001, 0.001, 0.001, 0.001, 0.001, 0.001, 0.001, 0.001, 0.001, 0.001, 0.001, 0.001, 0.001, 0.001, 0.001, 0.001, 0.001, 0.001, 0.001, 0.001, 0.001, 0.001, 0.001, 0.001, 0.001, 0.001, 0.001, 0.001, 0.001, 0.001, 0.001, 0.001, 0.001, 0.001, 0.001, 0.001, 0.001, 0.001, 0.001, 0.001, 0.001, 0.001, 0.001, 0.001, 0.001, 0.001, 0.001, 0.001, 0.001, 0.001, 0.001, 0.001, 0.001, 0.001, 0.001, 0.001, 0.001, 0.001, 0.001, 0.001, 0.001, 0.001, 0.001, 0.001, 0.001, 0.001, 0.001, 0.001, 0.001, 0.001, 0.001, 0.001, 0.001, 0.001, 0.001, 0.001, 0.001, 0.001, 0.001, 0.001, 0.001, 0.001, 0.001, 0.001, 0.001, 0.001, 0.001, 0.001, 0.001, 0.001, 0.001, 0.001, 0.001, 0.001, 0.001, 0.001, 0.001, 0.001, 0.001, 0.001, 0.001, 0.001, 0.001, 0.001, 0.001, 0.001, 0.001, 0.001, 0.001, 0.001, 0.001, 0.001, 0.001, 0.001, 0.001, 0.001, 0.001, 0.001, 0.001, 0.001, 0.001, 0.001, 0.001, 0.001, 0.001, 0.001, 0.001, 0.001, 0.001, 0.001, 0.001, 0.001, 0.001, 0.001, 0.001, 0.001, 0.001, 0.001, 0.001, 0.001, 0.001, 0.001, 0.001, 0.001, 0.001, 0.001, 0.001, 0.001, 0.001, 0.001, 0.001, 0.001, 0.001, 0.001, 0.001, 0.001, 0.001, 0.001, 0.001, 0.001, 0.001, 0.001, 0.001, 0.001, 0.001, 0.001, 0.001, 0.001, 0.001, 0.001, 0.001, 0.001, 0.001, 0.001, 0.001, 0.001, 0.001, 0.001, 0.001, 0.001, 0.001, 0.001, 0.001, 0.001, 0.001, 0.001, 0.001, 0.001, 0.001, 0.001, 0.001, 0.001, 0.001, 0.001, 0.001, 0.001, 0.001, 0.001, 0.001, 0.001, 0.001, 0.001, 0.001, 0.001, 0.001, 0.001, 0.001, 0.001, 0.001, 0.001, 0.001, 0.001, 0.001, 0.001, 0.001, 0.001, 0.001, 0.001, 0.001, 0.001, 0.001, 0.001, 0.001, 0.001, 0.001, 0.001, 0.001, 0.001, 0.001, 0.001, 0.001, 0.001, 0.001, 0.001, 0.001, 0.001, 0.001, 0.001, 0.001, 0.001, 0.001, 0.001, 0.001, 0.001, 0.001, 0.001, 0.001, 0.001, 0.001, 0.001, 0.001, 0.001, 0.001, 0.001, 0.001, 0.001, 0.001, 0.001, 0.001, 0.001, 0.001, 0.001, 0.001, 0.001, 0.001, 0.001, 0.001, 0.001, 0.001, 0.001, 0.001, 0.001, 0.001, 0.001, 0.001, 0.001, 0.001, 0.001, 0.001, 0.001, 0.001, 0.001, 0.001, 0.001, 0.001, 0.001, 0.001, 0.001, 0.001, 0.001, 0.001, 0.001, 0.001, 0.001, 0.001, 0.001, 0.001, 0.001, 0.001, 0.001, 0.001, 0.001, 0.001, 0.001, 0.001, 0.001, 0.001, 0.001, 0.001, 0.001, 0.001, 0.001, 0.001, 0.001, 0.001, 0.001, 0.001, 0.001, 0.001, 0.001, 0.001, 0.001, 0.001, 0.001, 0.001, 0.001, 0.001, 0.001, 0.001, 0.001, 0.001, 0.001, 0.001, 0.001, 0.001, 0.001, 0.001, 0.001, 0.001, 0.001, 0.001, 0.001, 0.001, 0.001, 0.001, 0.001, 0.001, 0.001, 0.001, 0.001, 0.001, 0.001, 0.001, 0.001, 0.001, 0.001, 0.001, 0.001, 0.001, 0.001, 0.001, 0.001, 0.001, 0.001, 0.001, 0.001, 0.001, 0.001, 0.001, 0.001, 0.001, 0.001, 0.001, 0.001, 0.001, 0.001, 0.001, 0.001, 0.001, 0.001, 0.001, 0.001, 0.001, 0.001, 0.001, 0.001, 0.001, 0.001, 0.001, 0.001, 0.001, 0.001, 0.001, 0.001, 0.001, 0.001, 0.001, 0.001, 0.001, 0.001, 0.001, 0.001, 0.001, 0.001, 0.001, 0.001, 0.001, 0.001, 0.001, 0.001, 0.001, 0.001, 0.001, 0.001, 0.001, 0.001, 0.001, 0.001, 0.001, 0.001, 0.001, 0.001, 0.001, 0.001, 0.001, 0.001, 0.001, 0.001, 0.001, 0.001, 0.001, 0.001, 0.001, 0.001, 0.001, 0.001, 0.001, 0.001, 0.001, 0.001, 0.001, 0.001, 0.001, 0.001, 0.001, 0.001, 0.001, 0.001, 0.001, 0.001, 0.001, 0.001, 0.001, 0.001, 0.001, 0.001, 0.001, 0.001, 0.001, 0.001, 0.001, 0.001, 0.001, 0.001, 0.001, 0.001, 0.001, 0.001, 0.001, 0.001, 0.001, 0.001, 0.001, 0.001, 0.001, 0.001, 0.001, 0.001, 0.001, 0.001, 0.001, 0.001, 0.001, 0.001, 0.001, 0.001, 0.001, 0.001, 0.001, 0.001, 0.001, 0.001, 0.001, 0.001, 0.001, 0.001, 0.001, 0.001, 0.001, 0.001, 0.001, 0.001, 0.001, 0.001, 0.001, 0.001, 0.001, 0.001, 0.001, 0.001, 0.001, 0.001, 0.001, 0.001, 0.001, 0.001, 0.001, 0.001, 0.001, 0.001, 0.001, 0.001, 0.001, 0.001, 0.001, 0.001, 0.001, 0.001, 0.001, 0.001, 0.001, 0.001, 0.001, 0.001, 0.001, 0.001, 0.001, 0.001, 0.001, 0.001, 0.001, 0.001, 0.001, 0.001, 0.001, 0.001, 0.001, 0.001, 0.001, 0.001, 0.001, 0.001, 0.001, 0.001, 0.001, 0.001, 0.001, 0.001, 0.001, 0.001, 0.001, 0.001, 0.001, 0.001, 0.001, 0.001, 0.001, 0.001, 0.001, 0.001, 0.001, 0.001, 0.001, 0.001, 0.001, 0.001, 0.001, 0.001, 0.001, 0.001, 0.001, 0.001, 0.001, 0.001, 0.001, 0.001, 0.001, 0.001, 0.001, 0.001, 0.001, 0.001, 0.001, 0.001, 0.001, 0.001, 0.001, 0.001, 0.001, 0.001, 0.001, 0.001, 0.001, 0.001, 0.001, 0.001, 0.001, 0.001, 0.001, 0.001, 0.001, 0.001, 0.001, 0.001, 0.001, 0.001, 0.001, 0.001, 0.001, 0.001, 0.001, 0.001, 0.001, 0.001, 0.001, 0.001, 0.001, 0.001, 0.001, 0.001, 0.001, 0.001, 0.001, 0.001, 0.001, 0.001, 0.001, 0.001, 0.001, 0.001, 0.001, 0.001, 0.001, 0.001, 0.001, 0.001, 0.001, 0.001, 0.001, 0.001, 0.001, 0.001, 0.001, 0.001, 0.001, 0.001, 0.001, 0.001, 0.001, 0.001, 0.001, 0.001, 0.001, 0.001, 0.001, 0.001, 0.001, 0.001, 0.001, 0.001, 0.001, 0.001, 0.001, 0.001, 0.001, 0.001, 0.001, 0.001, 0.001, 0.001, 0.001, 0.001, 0.001, 0.001, 0.001, 0.001, 0.001, 0.001, 0.001, 0.001, 0.001, 0.001, 0.001, 0.001, 0.001, 0.001, 0.001, 0.001, 0.001, 0.001, 0.001, 0.001, 0.001, 0.001, 0.001, 0.001, 0.001, 0.001, 0.001, 0.001, 0.001, 0.001, 0.001, 0.001, 0.001, 0.001, 0.001, 0.001, 0.001, 0.001, 0.001, 0.001, 0.001, 0.001, 0.001, 0.001, 0.001, 0.001, 0.001, 0.001, 0.001, 0.001, 0.001, 0.001, 0.001, 0.001, 0.001, 0.001, 0.001, 0.001, 0.001, 0.001, 0.001, 0.001, 0.001, 0.001, 0.001, 0.001, 0.001, 0.001, 0.001, 0.001, 0.001, 0.001, 0.001, 0.001, 0.001, 0.001, 0.001, 0.001, 0.001, 0.001, 0.001, 0.001, 0.001, 0.001, 0.001, 0.001, 0.001, 0.001, 0.001, 0.001, 0.001, 0.001, 0.001, 0.001, 0.001, 0.001, 0.001, 0.001, 0.001, 0.001, 0.001, 0.001, 0.001, 0.001, 0.001, 0.001, 0.001, 0.001, 0.001, 0.001, 0.001, 0.001, 0.001, 0.001, 0.001, 0.001, 0.001, 0.001, 0.001, 0.001, 0.001, 0.001, 0.001, 0.001, 0.001, 0.001, 0.001, 0.001, 0.001, 0.001, 0.001, 0.001, 0.001, 0.001, 0.001, 0.001, 0.001, 0.001, 0.001, 0.001, 0.001, 0.001, 0.001, 0.001, 0.001, 0.001, 0.001, 0.001, 0.001, 0.001, 0.001, 0.001, 0.001, 0.001, 0.001, 0.001, 0.001, 0.001, 0.001, 0.001, 0.001, 0.001, 0.001, 0.001, 0.001, 0.001, 0.001, 0.001, 0.001, 0.001, 0.001, 0.001, 0.001, 0.001, 0.001, 0.001, 0.001, 0.001, 0.001, 0.001, 0.001, 0.001, 0.001, 0.001, 0.001, 0.001, 0.001, 0.001, 0.001, 0.001, 0.001, 0.001, 0.001, 0.001, 0.001, 0.001, 0.001, 0.001, 0.001, 0.001, 0.001, 0.001, 0.001, 0.001, 0.001, 0.001, 0.001, 0.001, 0.001, 0.001, 0.001, 0.001, 0.001, 0.001, 0.001, 0.001, 0.001, 0.001, 0.001, 0.001, 0.001, 0.001, 0.001, 0.001, 0.001, 0.001, 0.001, 0.001, 0.001, 0.001, 0.001, 0.001, 0.001, 0.001, 0.001, 0.001, 0.001, 0.001, 0.001, 0.001, 0.001, 0.001, 0.001, 0.001, 0.001, 0.001, 0.001, 0.001, 0.001, 0.001, 0.001, 0.001, 0.001, 0.001, 0.001, 0.001, 0.001, 0.001, 0.001, 0.001, 0.001, 0.001, 0.001, 0.001, 0.001, 0.001, 0.001, 0.001, 0.001, 0.001, 0.001, 0.001, 0.001, 0.001, 0.001, 0.001, 0.001, 0.001, 0.001, 0.001, 0.001, 0.001, 0.001, 0.001, 0.001, 0.001, 0.001, 0.001, 0.001, 0.001, 0.001, 0.001, 0.001, 0.001, 0.001, 0.001, 0.001, 0.001, 0.001, 0.001, 0.001, 0.001, 0.001, 0.001, 0.001, 0.001, 0.001, 0.001, 0.001, 0.001, 0.001, 0.001, 0.001, 0.001, 0.001, 0.001, 0.001, 0.001, 0.001, 0.001, 0.001, 0.001, 0.001, 0.001, 0.001, 0.001, 0.001, 0.001, 0.001, 0.001, 0.001, 0.001, 0.001, 0.001, 0.001, 0.001, 0.001, 0.001, 0.001, 0.001, 0.001, 0.001, 0.001, 0.001, 0.001, 0.001, 0.001, 0.001, 0.001, 0.001, 0.001, 0.001, 0.001, 0.001, 0.001, 0.001, 0.001, 0.001, 0.001, 0.001, 0.001, 0.001, 0.001, 0.001, 0.001, 0.001, 0.001, 0.001, 0.001, 0.001, 0.001, 0.001, 0.001, 0.001, 0.001, 0.001, 0.001, 0.001, 0.001, 0.001, 0.001, 0.001, 0.001, 0.001, 0.001, 0.001, 0.001, 0.001, 0.001, 0.001, 0.001, 0.001, 0.001, 0.001, 0.001, 0.001, 0.001, 0.001, 0.001, 0.001, 0.001, 0.001, 0.001, 0.001, 0.001, 0.001, 0.001, 0.001, 0.001, 0.001, 0.001, 0.001, 0.001, 0.001, 0.001, 0.001, 0.001, 0.001, 0.001, 0.001, 0.001, 0.001, 0.001, 0.001, 0.001, 0.001, 0.001, 0.001, 0.001, 0.001, 0.001, 0.001, 0.001, 0.001, 0.001, 0.001, 0.001, 0.001, 0.001, 0.001, 0.001, 0.001, 0.001, 0.001, 0.001, 0.001, 0.001, 0.001, 0.001, 0.001, 0.001, 0.001, 0.001, 0.001, 0.001, 0.001, 0.001, 0.001, 0.001, 0.001, 0.001, 0.001, 0.001, 0.001, 0.001, 0.001, 0.001, 0.001, 0.001, 0.001, 0.001, 0.001, 0.001, 0.001, 0.001, 0.001, 0.001, 0.001, 0.001, 0.001, 0.001, 0.001, 0.001, 0.001, 0.001, 0.001, 0.001, 0.001, 0.001, 0.001, 0.001, 0.001, 0.001, 0.001, 0.001, 0.001, 0.001, 0.001, 0.001, 0.001, 0.001, 0.001, 0.001, 0.001, 0.001, 0.001, 0.001, 0.001, 0.001, 0.001, 0.001, 0.001, 0.001, 0.001, 0.001, 0.001, 0.001, 0.001, 0.001, 0.001, 0.001, 0.001, 0.001, 0.001, 0.001, 0.001, 0.001, 0.001, 0.001, 0.001, 0.001, 0.001, 0.001, 0.001, 0.001, 0.001, 0.001, 0.001, 0.001, 0.001, 0.001, 0.001, 0.001, 0.001, 0.001, 0.001, 0.001, 0.001, 0.001, 0.001, 0.001, 0.001, 0.001, 0.001, 0.001, 0.001, 0.001, 0.001, 0.001, 0.001, 0.001, 0.001, 0.001, 0.001, 0.001, 0.001, 0.001, 0.001, 0.001, 0.001, 0.001, 0.001, 0.001, 0.001, 0.001, 0.001, 0.001, 0.001, 0.001, 0.001, 0.001, 0.001, 0.001, 0.001, 0.001, 0.001, 0.001, 0.001, 0.001, 0.001, 0.001, 0.001, 0.001, 0.001, 0.001, 0.001, 0.001, 0.001, 0.001, 0.001, 0.001, 0.001, 0.001, 0.001, 0.001, 0.001, 0.001, 0.001, 0.001, 0.001, 0.001, 0.001, 0.001, 0.001, 0.001, 0.001, 0.001, 0.001]"
5,0.04080810283676187,1.0973797078805656,0.07622851437848296,1.522649095127304,301.20435616746545,1500,299,32.60198847605861,"[14739.903729413914, 14512.192990135096, 14371.48817384429, 14226.958155772068, 9460.862352292088, 14414.458059351646, 14615.71961191293, 14450.108333881304, 14200.02582124645, 9468.692383252424, 14523.608283216947, 14226.249395330688, 14513.389241392604, 14328.692774730127, 9395.509294899923, 14372.974689993329, 14348.41765654513, 14511.154204037312, 14268.290142653581, 9325.954790858526, 14242.91160845869, 14282.762105637355, 14493.528303672294, 14304.536107465992, 9342.992897687496, 14381.646816040015, 14239.109579533597, 14026.613879118497, 14407.044908854641, 9452.975338189372, 14232.633360828431, 14135.138874472654, 14314.439310063399, 14126.822993439502, 9539.463379362642, 14134.542833241252, 14134.537576655615, 14387.160325849796, 14149.565038559755, 9384.235001358991, 14049.738748084494, 14106.706346104376, 14014.09319228127, 14091.443548823687, 9769.370342291411, 14313.37182113104, 14204.695708027439, 14275.094270007074, 13833.566653897213, 9246.64145742015, 13975.143450853746, 14207.095809664344, 14125.48718144745, 14138.705891617043, 9267.810352400527, 14311.425727099402, 14238.787006522834, 14161.222167702166, 13833.825213189575, 9010.163402685568, 14114.541479127965, 13912.609962025268, 14198.438917368403, 13920.662364304731, 9248.967054816902, 13909.299859902485, 14126.688549530585, 13929.934532363663, 14214.367005357495, 9054.609068841059, 14037.416720608338, 14061.081438603007, 13845.60006146838, 13897.560820173398, 9232.565884743573, 14066.247462636353, 13938.065874778677, 14000.563726946966, 13909.312994977076, 8999.123669946655, 13747.357854386044, 13916.88810493382, 13925.594101237002, 13881.797871774364, 9280.002294653337, 13947.53173483436, 14039.503797746442, 13609.56426831952, 13903.953942002248, 9089.844618795938, 13878.065277825672, 13680.672965292937, 13898.648159377293, 13962.979165359448, 9008.10501552456, 13687.187448763616, 13734.386581482191, 13811.856737937773, 13905.545269492515, 9127.085413410092, 13932.564332421707, 13745.021556964752, 13603.616070200424, 13849.5421032606, 8972.805788624733, 13929.310187196286, 13452.274170521465, 13881.253767287597, 13550.244403605078, 9126.936786095504, 13703.195318982476, 13719.341836002417, 13699.942039475722, 13733.995239705335, 8919.598327947318, 13665.816141140607, 13599.230586158346, 13558.479032126159, 13877.082450774968, 8911.038948713822, 13718.303529675144, 13415.471174490636, 13551.046342262924, 13556.020964042566, 9206.27007994428, 13629.999561599978, 13701.219896996841, 13703.339265350563, 13291.763495126432, 8956.86007791128, 13678.726569409411, 13498.566652651623, 13554.220860525926, 13363.269952347873, 9024.445734163013, 13651.8922953667, 13351.825275139008, 13554.532025180968, 13565.861774815647, 8831.672107013466, 13465.15170341435, 13549.639291270125, 13395.560836211247, 13451.22652924484, 8930.999014526638, 13557.497107764344, 13443.657506188341, 13384.597267095967, 13605.086749235934, 8638.997598765769, 13661.052591235913, 13266.134087994424, 13243.796736429038, 13331.95849388965, 8963.885915383109, 13261.487772659506, 13459.846664842691, 13272.922069732676, 13486.68406069487, 8822.594215467283, 13286.063239161154, 13417.308372405354, 13439.152793071187, 13180.463128177578, 8817.112936475813, 13262.831621499994, 13409.345400762688, 13192.188091805272, 13445.944251496425, 8665.630896631574, 13189.117998441887, 13532.110150170329, 13138.109702035219, 13242.763063453842, 8708.784665594647, 13242.675877070527, 13173.601489233315, 13249.853162614188, 13328.19314389049, 8650.3267197109, 13214.914676021077, 13143.181518203977, 13291.203346043116, 13208.030883324096, 8619.878460727805, 13261.259266632132, 12926.563125846602, 13284.529982599519, 13326.640311309813, 8509.28750160112, 13083.758584931333, 13044.586461972502, 12973.05898898113, 13317.91755760201, 8718.192628283075, 13058.747899990947, 13071.349918881337, 13126.821039193968, 13143.988852680088, 8564.70049754106, 13020.153946680144, 13118.287851059375, 12962.221998794786, 13144.420170063266, 8546.829850413515, 13193.854481170732, 13247.010575323406, 12871.850099822024, 12698.037862070732, 8606.232934376354, 12909.627364968084, 13118.963114023216, 12861.483190573057, 13092.230007843324, 8457.735822576087, 13110.479588703327, 12939.66924999341, 12801.18230792247, 12965.71210380023, 8445.246408977078, 13149.213105882598, 12929.594459518186, 12831.700587474124, 12746.128942165948, 8426.830894220968, 12737.716880786127, 12972.860993383989, 12861.332623247155, 12729.367186683028, 8601.879405565134, 12961.631841907729, 12634.35050727462, 12779.290744082287, 12971.724604886935, 8375.903049952247, 12724.300792141774, 13026.521232553761, 12790.386883473104, 12675.14787555958, 8325.93020853515, 12729.104325595936, 12958.893774507036, 12676.420793834755, 12579.468541841668, 8417.794662044684, 12613.099215440141, 12669.922999418937, 12870.632724377265, 12700.294194265984, 8327.335634167383, 12616.128144853901, 12783.937738016946, 12753.056931182426, 12587.092905241354, 8261.75844897736, 12868.36651414494, 12653.609596365133, 12479.623113699497, 12548.664649311424, 8273.225728231911, 12760.558846736825, 12493.056305073009, 12584.059191011369, 12554.603577090053, 8253.066763852872, 12612.678046245648, 12768.455635817309, 12595.755627219307, 12187.801622164812, 8303.341012857058, 12479.207814881842, 12703.73450715747, 12373.936972566544, 12356.003998598035, 8377.745218453203, 12490.07172362126, 12509.267859379364, 12362.188920261806, 12495.684203421159, 8256.277941189674, 12362.873028661836, 12545.471917597793, 12535.520664252528, 12330.59600302458, 8161.692464333015, 12388.188260401714, 12299.112526298004, 12306.669783380807, 12577.17754978609, 8186.93863220595, 12457.497991827164, 12443.20542933175, 12326.959954574233, 12328.396338043594, 8023.888000955853, 12111.628346932317, 12261.389069714813, 12468.538040694635, 12495.641791947497, 8063.084857708616, 12500.351013904106, 12238.172955748249, 12102.556750925054, 12233.050355945841, 8146.524218874217, 12095.176248676751, 12222.154500408315, 12259.024944847157, 12381.03089383244, 8082.0328463626065, 12452.101002056856, 12368.020586515378, 12024.88329978769, 12283.274198122406, 7730.351106712795, 12195.991383150202, 12140.469375438895, 12267.91179498343, 12139.180759201941, 7932.227630732556, 12314.470984134363, 12136.107063565154, 11929.912622209753, 11985.844313278547, 8126.3945932223805, 11988.295843377975, 12233.070874359608, 11987.418239251054, 12075.121884899881, 8024.812736468035, 11770.58660072307, 12118.176543094698, 12081.58440160872, 12145.385901773827, 8008.306076474114, 12326.470288563063, 12011.826128044211, 11943.48216775386, 11971.652348583313, 7686.390124648576, 12181.543407742818, 11814.170216679924, 11810.115899075761, 11912.003013725816, 8035.529008131671, 12127.868550048306, 11914.168848890908, 11787.024736640356, 11925.875608466893, 7812.018511711336, 12151.300297144957, 11724.49732206428, 11762.328009156781, 11926.68334453929, 7814.69638063257, 11816.905779345514, 11846.00019076871, 11734.973196120556, 11944.509599019693, 7848.299891260756, 11864.51497568639, 11675.77517840659, 11887.274467237834, 11844.556924922013, 7729.133696533793, 11807.641068290342, 11847.075076784164, 11682.948078733967, 11802.89064810192, 7669.966731373188, 11872.384479377763, 11682.23314619066, 11749.91046475567, 11490.352866190811, 7823.018861799674, 11626.152049940772, 11568.8322770471, 11766.110966562106, 11722.592375034092, 7739.410753832133, 11561.107046917785, 11627.378121183863, 11918.38637265411, 11602.193073999731, 7517.620814249125, 11605.59254715694, 11849.739636682605, 11518.520899931467, 11584.536572199058, 7469.33696172623, 11385.436626907864, 11715.64115214209, 11790.482498168023, 11555.219266186054, 7379.008308799116, 11434.948224747652, 11629.790181876586, 11484.571232086913, 11420.52760876037, 7651.080502703049, 11425.959439442002, 11547.051798191913, 11374.805632440984, 11324.758205954286, 7740.761710922753, 11501.397721813071, 11451.386260864936, 11347.569507610828, 11538.245324783726, 7364.749580066622, 11591.075628241737, 11694.492986559946, 11276.847485862594, 11182.198409328154, 7246.4737734355695, 11456.029492050784, 11111.69151362434, 11597.629249268797, 11265.300979010432, 7344.365904296814, 11403.168660117624, 11500.299395931785, 11178.04062611377, 11057.976213377826, 7418.2651514282925, 11325.34070591425, 11233.238729480343, 11032.440955602207, 11275.045189606815, 7471.7235974682035, 11153.752710668066, 11134.505826404471, 11136.544846003002, 11197.491081431335, 7494.249182239435, 10999.423878527956, 11092.104644128824, 11426.510288093381, 11150.493558221546, 7225.821739864312, 11028.966922420941, 11081.910523081975, 11234.572399667906, 11104.1865147316, 7221.41409111186, 11137.536786084955, 11089.815698310116, 10912.15120566885, 10868.88656754848, 7438.23645607049, 11031.614401409122, 10902.427679241262, 10944.79648988025, 11105.309834276995, 7236.728246814702, 11026.31792141245, 10991.801411522714, 10776.794422238829, 11057.468765054027, 7142.238615281206, 10863.879398917763, 11036.42696649913, 11056.684445806704, 10854.447042752743, 6955.975895328133, 10955.152661277654, 10634.844980637206, 10883.767411436955, 10804.933805895695, 7259.351749263197, 11089.011471927402, 10745.763359173754, 10641.267357403436, 10751.493630860987, 7081.112713466231, 10632.155709361881, 10951.289876630291, 10711.365814125682, 10731.825509249249, 7050.5304596792585, 10516.819984761923, 10774.134584500527, 10713.889848048668, 10713.268506540193, 7126.380835664364, 10855.831227870434, 10643.891204270254, 10553.71047242427, 10497.44826595799, 7061.369393656427, 10613.155764976063, 10628.290101081664, 10571.098818075328, 10476.132497448325, 7089.202238920988, 10690.226563397166, 10463.424735224273, 10546.648338733019, 10571.835190743053, 6871.004463850255, 10482.687593695227, 10437.966455849508, 10540.910480196535, 10556.097502940402, 6889.200665174805, 10455.301613428212, 10547.997727613152, 10402.463267553285, 10418.206135803603, 6845.815830501713, 10316.364732457794, 10239.84549222152, 10512.767070552116, 10397.242078153655, 6963.724721563705, 10252.697392934506, 10485.382114574148, 10256.562084627067, 10292.996753084197, 6901.512733081809, 10446.429113549173, 10371.47843836682, 10259.090965332867, 10175.016594018693, 6694.389886623381, 10094.250135520751, 10425.697526578704, 10265.13626597476, 10193.305157943743, 6721.217151141263, 10119.686691838553, 10303.472943501036, 10246.723328410715, 10022.370865205225, 6758.253455730529, 10076.334811404744, 10036.052617895197, 10058.29216303826, 10159.422404896255, 6867.884066387469, 10097.37784995561, 10080.179915326113, 10199.484975938049, 10064.551051701832, 6502.652866577404, 10025.857927942172, 9966.029629353237, 10155.737634985207, 10096.048235012608, 6442.921282518933, 10005.311037438782, 9886.513543076155, 9941.53792078714, 10077.698529799398, 6515.460612447707, 9713.12136659195, 9961.8406673627, 9866.63852288162, 10057.922688285482, 6564.178864741316, 9902.041155912386, 9901.576080887464, 9693.215804253741, 9789.908009775432, 6613.03257732039, 9669.455377412793, 9839.874773301615, 9937.418891898207, 9725.809109487267, 6460.001404611311, 9974.922025018885, 9936.687520606574, 9571.948466787977, 9642.557306497898, 6238.838435735541, 9659.470493003835, 9787.26565079283, 9509.237535577324, 9842.41214434086, 6293.984837792669, 9680.344957317988, 9673.941262936147, 9568.62237775774, 9616.295639042299, 6279.60000079791, 9423.904442909343, 9600.641560623744, 9575.86386767308, 9562.505029097554, 6378.565107563387, 9541.306316555596, 9401.006222425156, 9628.318581693773, 9528.757205222053, 6163.369530823941, 9578.01305673545, 9517.17165628807, 9390.540298747528, 9348.750078886236, 6146.327651693724, 9327.160434180842, 9641.72923289461, 9257.543043679538, 9275.323389229601, 6191.018325265911, 9111.525839724292, 9411.396159477761, 9433.071950059044, 9359.632674834487, 6084.226239456137, 9339.205572513494, 9279.575542631115, 9271.316759692198, 9274.777894703731, 5938.150946436975, 9097.312324270972, 9348.019772866133, 9250.300680146556, 9003.654369518996, 6098.8699193168295, 9122.726222037376, 9336.877127523861, 8940.727951213932, 9141.438440801561, 5945.704685323497, 9020.89370411547, 9031.200041236543, 8953.36568794359, 9189.671535871701, 5973.097272321398, 9147.351927180805, 9059.428061402414, 8878.994248025127, 8964.41847151996, 5794.218072761364, 8986.315945396784, 8643.231287429076, 8933.361492626393, 8981.042149076986, 5966.48621122297, 8964.189724501612, 8867.924610918448, 8787.969629499243, 8784.551934201229, 5768.84904432574, 8817.05797851468, 8695.692357000378, 8811.398160901614, 8777.203003845289, 5727.168905023146, 8799.770049378574, 8634.034881930571, 8699.66178232657, 8726.584712640355, 5619.297606534754, 8686.21171349093, 8655.690614303992, 8643.178004742664, 8464.951342514049, 5674.983248201243, 8637.604494383542, 8420.682033082498, 8523.018060996832, 8500.758383196373, 5683.641368830224, 8630.796346382273, 8643.330857148543, 8380.19344488304, 8230.614875572148, 5519.921615022603, 8405.900592204998, 8343.212201250297, 8382.99094481287, 8349.565278513794, 5556.054325608293, 8402.366965243404, 8256.15496462978, 8432.276520710844, 8277.390615270951, 5301.801361640289, 8332.341812929706, 8212.285306736214, 8094.506862672511, 8333.102941974514, 5325.6647236374865, 8109.77315610144, 8315.20569964721, 8010.097172787924, 7983.437762486917, 5505.596066385331, 8145.610030606779, 8126.122368035508, 7942.938118679604, 7979.96589813579, 5354.442691651909, 7987.358741548441, 8106.453735518001, 7958.391718506975, 7918.332343112621, 5201.605236019083, 7879.746627798969, 7819.068447185889, 7984.426009158106, 7885.262143694697, 5224.189972345124, 7767.0856509010455, 7939.233166215911, 7818.88694622745, 7843.40242495021, 5045.585825699953, 7856.408682680847, 7769.751002044145, 7694.334651996535, 7739.3235554597595, 4974.623534285545, 7505.508984721496, 7757.855359182358, 7588.00142105281, 7801.923333122826, 4998.378028336784, 7545.2932330083695, 7489.451218905889, 7560.253900830889, 7634.380711161181, 5040.507161510555, 7502.804441668642, 7471.959020160853, 7534.594219274576, 7526.314456373695, 4852.780091545677, 7451.79829210946, 7490.64040156438, 7364.646850372681, 7313.251819056813, 4885.421200397253, 7247.868695593514, 7450.724457460103, 7265.691561719643, 7452.135941288248, 4705.313598450922, 7294.915090681495, 7227.266280387911, 7166.995141354406, 7261.29710047896, 4786.184399416261, 7172.587655801935, 7222.285869626311, 7099.99256794934, 7190.938080013265, 4664.998222068686, 7192.828258513923, 7086.106384166301, 7107.377589816123, 7022.848875249309, 4555.738125563497, 6983.224565962173, 7135.766317905978, 7071.503982758744, 6907.506747720875, 4477.765162649169, 6929.25909952663, 6955.333366967487, 6923.4849217100245, 6875.554357598419, 4500.550296230951, 6851.928780581409, 6733.513301807083, 6788.797988215763, 6923.506255656872, 4492.244932617694, 6828.408838916668, 6770.53649819986, 6787.267662537278, 6611.408247134438, 4398.572639059379, 6654.463706907956, 6695.748561815106, 6700.843193123743, 6664.471152338402, 4282.130265218232, 6603.8982230323645, 6571.922142473149, 6580.138029858349, 6605.818122669393, 4234.404134116151, 6473.47115960319, 6587.713036913994, 6514.088473161997, 6494.333686589397, 4122.397421280441, 6546.491889560903, 6446.2960565827925, 6461.290492277106, 6324.0625434605545, 4007.0542940603355, 6328.334518108041, 6320.176941666787, 6301.443879937154, 6285.532895800446, 4135.979248267965, 6275.324292643874, 6339.920792891648, 6276.488684733372, 6097.220340894678, 3969.4717671343233, 6252.026555906584, 6081.680295581595, 6166.863647159323, 5987.925953889015, 4049.6371061291043, 5979.392881004214, 6039.320969382245, 5982.36248278216, 6153.068229361413, 3959.050750620963, 5955.42529570436, 6023.810554238138, 5896.058841522345, 5877.955739057263, 3934.4739240533895, 5859.755634720721, 5976.817849002417, 5840.307674996042, 5785.732239668768, 3794.832480584062, 5739.464400898895, 5719.505169024458, 5756.801615236923, 5791.160340260197, 3813.691922641377, 5774.105772154059, 5705.286223535484, 5614.627528345137, 5646.111659752425, 3643.7266418925933, 5706.283629720313, 5596.291561951913, 5511.932845823716, 5550.91651097335, 3574.667748529959, 5592.149320729449, 5500.626108933089, 5444.174351215092, 5333.101967541363, 3621.634184980036, 5443.031548581142, 5362.265491489134, 5381.856672615592, 5361.964039320518, 3489.381943553502, 5335.910448688855, 5209.872512342784, 5313.609256223902, 5277.054281412942, 3444.8023838467666, 5208.169958363988, 5277.5039680688715, 5127.508719446981, 5109.01982077393, 3399.0265351329413, 5170.504639287057, 5059.070616079347, 5053.3808775950965, 5107.404905958214, 3265.3816156771045, 5001.501748861717, 5045.33673176555, 4954.716686533769, 4973.00892364288, 3211.6616469967553, 4967.958434450289, 4897.403626258002, 4809.165480229656, 4863.705723780569, 3174.443517915223, 4780.117812785232, 4803.286525287867, 4764.2592145527415, 4759.141275985347, 3127.421076365711, 4653.390106428749, 4658.921025847119, 4671.309460504676, 4679.67011757242, 3087.0841518541233, 4610.353493975616, 4644.638044041162, 4602.836400147025, 4502.056605630686, 2908.387375125677, 4446.189611836124, 4538.230466376526, 4537.539644164521, 4404.735948048241, 2850.3353421720667, 4392.681791359837, 4442.179644063002, 4302.595337083226, 4393.338862875485, 2753.2665168901667, 4266.377950529169, 4321.835290514105, 4200.325848746059, 4199.643597068697, 2797.5816358537068, 4077.5379987584415, 4152.219143519838, 4146.85537006754, 4233.795978603318, 2673.551619538796, 4053.7909166698546, 4067.9415113481464, 4066.3937222403893, 4030.2852521942596, 2564.829343074878, 3967.8454798577486, 3852.9378120498295, 3999.7973977166853, 3883.6020409998437, 2571.819244507963, 3854.6080057279733, 3839.694527113357, 3836.9348412930613, 3757.6006672048197, 2478.343456713604, 3790.6524422322505, 3683.3182304759266, 3685.55617655205, 3647.6719969611404, 2448.47147064146, 3619.6692521812583, 3600.794721547303, 3621.6981081253502, 3571.2628100619027, 2326.812390850678, 3578.9092081789427, 3483.713155679956, 3494.370301155436, 3461.937135684035, 2207.21414522115, 3447.7078967883276, 3364.92396049094, 3347.1815543540297, 3360.571084650337, 2186.0062941647166, 3328.966372850743, 3239.5547338874626, 3232.825029615303, 3271.8279190502576, 2114.3747517704255, 3193.732820457276, 3186.1003278517755, 3186.6328210909082, 3114.7716706872643, 1986.6087839474937, 3059.910596780999, 3120.473568904055, 3049.660635540856, 3009.967517048484, 1908.0787857767493, 2943.187106301255, 2955.043801014111, 2907.825983510903, 2928.6735807302143, 1889.08764776496, 2839.4596579790527, 2848.439692933929, 2789.732024252814, 2790.5945270000307, 1833.564201646861, 2763.2394868069173, 2713.159243669677, 2672.5132678503796, 2672.3089349405627, 1759.1485984652154, 2641.085240069892, 2603.6302663499855, 2590.624166478883, 2549.3411087003487, 1673.457353403391, 2529.1520874820094, 2517.3327392422952, 2520.931029110793, 2402.4155894462033, 1567.226117382823, 2402.90676213957, 2405.297709606457, 2361.304319915502, 2330.637790849756, 1518.1945036154498, 2310.072940630402, 2264.67977858625, 2280.989675803667, 2219.779589341075, 1427.410020105905, 2197.9368308263474, 2161.6207104635077, 2128.681590310188, 2126.6569558851274, 1372.7332017929148, 2103.9069485809273, 2097.1196203600107, 2000.6604312479476, 1968.5565539806764, 1308.6809900023638, 1940.1786869775058, 1947.0985328390343, 1943.241529130449, 1909.8433972630398, 1229.7021183673244, 1871.7385568696266, 1844.5140151154174, 1818.5619148893893, 1779.31282161873, 1153.1818576513817, 1757.6094576728526, 1752.1463883646197, 1696.398797851279, 1656.7202510082432, 1109.047318516069, 1627.0359089002438, 1635.442743441983, 1611.0255561007582, 1571.1103704441007, 1037.524354306808, 1539.7819193668472, 1497.1007048564002, 1522.5882464272597, 1508.8705314212605, 929.946357978305, 1441.7135838359104, 1389.4966347034645, 1395.987664657556, 1399.6511925713928, 898.5398017449797, 1346.7267431712053, 1288.9817067958875, 1311.7703759185576, 1284.9824203441542, 829.2435076104241, 1251.9767967883613, 1211.4551329266528, 1205.6691938932713, 1185.1224900880895, 752.4245651824119, 1151.3796961449939, 1123.6114060567872, 1093.3488572395675, 1079.3248142583254, 717.1532574430489, 1039.089923728286, 1022.2907003614913, 1038.3194890186683, 990.3583215418622, 645.1590690437907, 962.807396695722, 950.8592140279596, 906.8529664509963, 916.1545479294509, 583.1875148097487, 886.3476832626588, 857.2277735434781, 821.5570999827107, 826.2001445635589, 526.6929763765236, 781.0243865394418, 784.6221412636883, 744.2430655534367, 760.3509194379687, 464.0228605193949, 708.4824211358524, 680.7821161278241, 661.9188182025237, 686.4259060644407, 428.210911160897, 641.3920062750103, 619.0858063455411, 622.2444374930976, 587.7638147333564, 347.8656368556864, 584.2323501645909, 541.3698506536809, 525.5779260181058, 524.9047818888762, 312.9398193143012, 507.5538585337078, 475.421997398552, 453.2550807676807, 457.60470399822634, 286.5735447913253, 442.72418142232635, 423.27146467571487, 402.4624061365787, 385.2056464988023, 239.98697488409584, 378.5220834295058, 338.93111234638565, 350.47873694571837, 342.270717508819, 219.70547364754313, 300.0040888314469, 317.79132634487576, 307.3316555155218, 295.00372827173175, 169.38945540650283, 269.72614829611075, 263.1401623440579, 259.39008371108395, 224.27975242808793, 159.2581778482032, 228.55453065108927, 223.4881343456502, 206.8303027282438, 206.23940414036008, 123.86403545906896, 190.43948695143257, 166.83973519613133, 199.8568890518035, 164.3977283137463, 107.36173841907025, 158.73269521548315, 165.58638795109516, 146.5882968892808, 136.2040655324657, 92.01595856005109, 122.55467088424558, 125.20761108384116, 146.02753926414974, 117.40337997649512, 85.5272274436236, 114.1871429628535, 117.81536151629247, 105.85742919737224, 114.52313826244522, 76.71587822616054, 114.07490393510425, 106.68247128867586, 101.00263377654518, 100.675854573018, 71.24699419168847, 98.99892868975883, 112.88035515090209, 99.75041738890005, 109.89196196926187, 66.20529920630909, 102.61935834096778, 110.11109704299312, 100.83557238346502, 113.60513501109313, 76.18152852626187, 111.09086529388978, 100.05999350840999, 120.62330263154594, 114.31610164911801, 65.73656107235414, 119.36171534060006, 98.45463867505352, 96.50181609060961, 110.52054164596625, 60.18572952243483, 109.92453576084266, 89.43062771807324, 92.49648068137807, 102.60488205004951, 64.73874865932507, 95.19656730868336, 104.46781019353966, 90.58239253712146, 92.67569961585266, 64.53795183743779, 91.76017465024091, 98.93103098638481, 85.9595930936047, 93.08112090052686, 73.63048689505075, 101.4098972574204, 95.74500077000626, 95.10485834686743, 88.36710070836992, 53.88087037663117, 97.69596353965666, 90.72740347355203, 93.63126290489126, 81.08015994882398, 59.596182729216466, 88.16869777117518, 88.87208615643202, 92.2064930500782, 90.95965000662048, 54.42175261796395, 87.51447259137545, 95.69436653146975, 86.81623010349395, 83.04257004650671, 53.27525488776009, 88.32161925851092, 78.70176034129913, 96.62538955957605, 90.61161350526606, 43.954130858698086, 80.18758554318293, 95.30979603230584, 81.1230958890388, 79.3940251510489, 54.880317594162385, 78.91933545719519, 79.92749105316364, 97.49439958380603, 79.77507554282457, 47.19326676051149, 78.12729978403705, 92.28992784689379, 90.06620832481005, 70.07697880360718, 45.233323838059654, 82.08021875076527, 73.0289078043645, 78.71524630717, 82.9370523962362, 52.117797448750196, 79.93941359129957, 78.71457523550148, 80.21429528114885, 72.82851948201204, 50.26002304301276, 85.27885444068424, 77.54097162461977, 83.7205621988642, 67.518591480751, 41.24391137311034, 70.84309648746141, 78.36379724287693, 71.88707230646426, 78.61468315530077, 49.184883513768284, 67.98211133853727, 76.0416357497751, 71.54052784246412, 75.76422924969617, 51.32319098635253, 67.62339781117082, 77.95957667784809, 74.53598505188792, 70.67621324058139, 45.78926011488427, 65.76046174374852, 71.98192570027365, 72.11362454886512, 75.33887723067976, 45.63398712769143, 76.0376209493934, 68.95546393116469, 66.74946170679868, 68.19596838619157, 45.25679023090956, 72.23553804325421, 75.84458214882157, 60.44471924477905, 67.33710176169595, 43.931571726511905, 58.25154877354121, 63.12505430297596, 72.21013087054276, 75.93729486957939, 45.05953759854198, 63.72182689847337, 59.98683646463146, 68.63939141795356, 74.01550156598154, 43.09489459271368, 75.28658305084244, 69.43676557882922, 55.255973438916364, 65.62022196216616, 38.987149647043516, 70.48371985544034, 63.57244800118368, 64.53220835095814, 55.60426747563985, 45.83986237684955, 56.32313620564078, 63.642559322012595, 68.61950317464358, 64.82818667857427, 42.190085619981474, 61.45232428859, 62.80859359222031, 65.84961016274161, 67.31858002071723, 34.02206575063141, 58.70924214218121, 59.2394519899052, 63.15497180565796, 64.11190709972534, 42.332561975662834, 60.62989281049421, 55.87315492435668, 59.49007449463954, 63.04024618220053, 44.70894797368623, 55.32591625209099, 54.60285701908044, 59.70883509680473, 61.74221585317384, 49.031720534871084, 59.05815639162091, 60.83626145261378, 53.73611472649855, 56.6609264622079, 46.70548190415194, 62.56710606026941, 59.8865198002592, 57.21059339865188, 59.23825168971685, 34.87988925634541, 58.15644083924484, 66.52031391897059, 61.53445843031495, 56.840826448505744, 27.904156186701673, 50.76404516677549, 54.38208615613254, 68.8806431362762, 46.25446523825364, 48.00256850432047, 59.25047643132932, 62.20588259404084, 66.99416336840787, 50.16085001409592, 27.27744780123109, 53.92165170000338, 59.79042592465743, 67.43935227749662, 52.054248585417646, 30.270704103916856, 52.42856681782438, 58.80696823928657, 55.34997716331769, 49.23584157521327, 45.63144207060289, 56.04080416039564, 60.174552383378916, 54.53056005619209, 58.148545374557166, 30.675374140969048, 47.51528739452899, 55.85772116371822, 61.32800181740932, 55.091988923728294, 37.96318656707149, 53.88126070309544, 61.16858726279018, 53.40002288989833, 54.9152258414608, 32.87830259241929, 59.0603366121275, 62.41769269209084, 49.3770452714222, 49.334760562942606, 34.50941283605007, 49.948931165023964, 62.91659225610491, 58.9659438679229, 58.09564670484273, 23.495856948830088, 70.62682902493674, 53.65794941996301, 56.11931394145212, 43.244609866040726, 28.381959824547213, 66.5947814679467, 49.012650777072395, 57.40171736385263, 43.86339151229651, 33.94162102575539, 53.33596815818462, 54.498389136879524, 52.61892122517192, 47.55782773989058, 41.727213315703736, 56.85814035910988, 50.50156811299396, 49.47906826139349, 63.289113037209184, 28.746769480971484, 57.510130759700125, 49.31257144031629, 59.18850946579349, 50.49073815939677, 31.255642544619825, 61.052735326778986, 45.33252470284586, 55.080951615092836, 50.55168631314792, 34.74176960118952, 52.915485045291064, 69.33111458343129, 47.55312976911559, 45.546542438590635, 30.58681407220602, 43.065436814596964, 50.79522873593884, 54.07514379811932, 54.23456638883951, 42.66078514354714, 52.26394854721313, 48.23129720821475, 54.94310360352706, 52.41139767741649, 36.22190623698658, 57.442004833429245, 43.0002186502923, 61.40992575996798, 49.297517845292475, 31.98968500959283, 50.407147960706084, 54.69854155074596, 47.26412554042126, 58.58335821121402, 31.00409658286981, 58.545740222135336, 50.16378057911894, 41.41414585969146, 57.505598285724126, 33.52904088663603, 56.0286941331599, 60.72135776400066, 45.81803390302108, 51.52870640348323, 26.02019764149372, 52.28040894373944, 50.298230520618944, 53.867989627945356, 47.63205599580535, 35.318740782110766, 51.50770593191057, 56.05598404728897, 53.08583981712102, 36.79946253697795, 41.00461313958319, 46.79074119273855, 48.354911974386766, 63.79415172492874, 46.055029189396265, 32.31383683678849, 53.35148147970177, 54.78989040561189, 47.847007725967096, 47.41863978752356, 33.90503374410116, 48.452054809288555, 51.239995612973836, 60.23684466635576, 38.06168124477472, 37.74851172642995, 58.47027551728841, 44.1105383201043, 52.085865108932566, 53.67664079552458, 26.669250185090906, 57.70061719146936, 49.70978803372661, 52.676820449939484, 42.18774323694221, 31.82484145488689, 50.302067552347225, 53.713628385568235, 48.815940086827894, 46.65733285523064, 33.666809458474276, 55.94118726705247, 50.72112992692342, 35.94850138442844, 49.58146645702972, 40.27592539113365, 57.273880820234154, 38.993816931041394, 52.818320364139055, 46.04772380113292, 36.59696724539132, 45.80958890940373, 49.820812594898385, 56.4141096085808, 50.33420360055588, 28.45440946657777, 39.53424967389883, 43.62797908887534, 64.65570751161448, 43.71551225099164, 38.67573679993025, 49.4627145126859, 47.12422420786192, 51.19739364297827, 46.081954956233794, 35.215328449327615, 43.61157690181327, 47.85883170233879, 54.954172442172805, 49.444076678418575, 32.60198847605861]","[0.9999999999999999, 1.0, 1.0, 0.9999999999999998, 1.0, 1.0, 0.9999999999999999, 0.9999999999999999, 1.0, 0.9999999999999999, 0.9999999999999998, 0.9999999999999999, 1.0, 1.0, 0.9999999999999999, 1.0, 1.0, 0.9999999999999999, 1.0, 1.0, 0.9999999999999999, 1.0, 0.9999999999999999, 1.0, 1.0, 1.0, 1.0, 1.0, 1.0, 0.9999999999999999, 1.0, 1.0, 1.0, 0.9999999999999998, 0.9999999999999999, 1.0, 1.0, 1.0, 0.9999999999999999, 1.0, 0.9999999999999999, 0.9999999999999999, 1.0, 1.0, 0.9999999999999999, 1.0, 1.0, 1.0, 0.9999999999999999, 1.0, 0.9999999999999999, 0.9999999999999999, 1.0, 0.9999999999999999, 1.0, 1.0, 0.9999999999999999, 1.0, 1.0, 1.0, 0.9999999999999999, 1.0, 1.0000000000000002, 0.9999999999999998, 0.9999999999999999, 1.0, 1.0, 0.9999999999999999, 0.9999999999999999, 0.9999999999999999, 0.9999999999999999, 0.9999999999999999, 1.0, 1.0, 1.0, 0.9999999999999999, 1.0, 1.0, 0.9999999999999998, 1.0, 0.9999999999999999, 1.0000000000000002, 1.0, 1.0, 0.9999999999999999, 1.0, 1.0, 0.9999999999999999, 1.0, 1.0, 1.0, 1.0, 0.9999999999999999, 1.0, 0.9999999999999999, 1.0, 1.0, 0.9999999999999999, 0.9999999999999998, 0.9999999999999999, 1.0, 0.9999999999999999, 1.0, 0.9999999999999999, 0.9999999999999999, 1.0, 1.0000000000000002, 1.0, 1.0, 1.0, 1.0, 0.9999999999999999, 1.0, 1.0, 0.9999999999999999, 1.0, 1.0, 1.0, 0.9999999999999999, 0.9999999999999999, 0.9999999999999999, 1.0, 1.0, 1.0, 1.0, 1.0000000000000002, 0.9999999999999999, 0.9999999999999999, 1.0, 1.0, 1.0, 1.0, 1.0, 1.0, 0.9999999999999999, 0.9999999999999999, 1.0, 0.9999999999999998, 1.0, 1.0, 0.9999999999999999, 1.0, 0.9999999999999999, 1.0, 1.0000000000000002, 1.0, 0.9999999999999999, 0.9999999999999999, 1.0, 1.0, 1.0, 1.0, 1.0, 0.9999999999999999, 1.0, 1.0, 1.0, 1.0, 0.9999999999999999, 1.0, 1.0, 0.9999999999999999, 0.9999999999999999, 1.0, 0.9999999999999998, 0.9999999999999999, 0.9999999999999999, 1.0, 0.9999999999999999, 0.9999999999999999, 0.9999999999999998, 0.9999999999999999, 1.0, 1.0, 1.0, 1.0, 1.0, 1.0, 1.0, 1.0, 0.9999999999999999, 0.9999999999999999, 1.0, 1.0, 0.9999999999999999, 0.9999999999999999, 1.0, 1.0, 1.0, 1.0, 1.0, 0.9999999999999999, 1.0, 0.9999999999999998, 1.0, 1.0, 1.0, 0.9999999999999999, 1.0, 1.0, 1.0, 0.9999999999999999, 0.9999999999999999, 1.0, 1.0, 1.0, 0.9999999999999999, 0.9999999999999999, 1.0, 0.9999999999999999, 1.0, 0.9999999999999999, 0.9999999999999999, 1.0, 1.0, 1.0, 1.0, 1.0, 1.0, 0.9999999999999998, 1.0, 0.9999999999999999, 1.0, 1.0, 0.9999999999999998, 1.0, 0.9999999999999999, 1.0, 1.0, 0.9999999999999999, 0.9999999999999999, 1.0, 1.0, 1.0, 0.9999999999999999, 1.0, 0.9999999999999999, 1.0, 1.0, 1.0, 1.0, 1.0, 0.9999999999999999, 0.9999999999999998, 1.0, 1.0, 0.9999999999999999, 1.0, 1.0, 0.9999999999999999, 1.0, 0.9999999999999999, 1.0, 1.0, 0.9999999999999998, 1.0, 1.0, 0.9999999999999999, 0.9999999999999998, 1.0, 1.0, 0.9999999999999999, 1.0, 1.0, 1.0, 0.9999999999999998, 1.0, 1.0, 1.0, 0.9999999999999999, 1.0, 1.0, 1.0000000000000002, 1.0, 0.9999999999999999, 1.0, 1.0, 1.0, 0.9999999999999999, 1.0, 1.0, 0.9999999999999999, 0.9999999999999999, 0.9999999999999999, 1.0, 0.9999999999999998, 0.9999999999999999, 1.0, 1.0, 1.0000000000000002, 0.9999999999999999, 1.0, 1.0, 0.9999999999999999, 0.9999999999999998, 0.9999999999999999, 1.0000000000000002, 0.9999999999999999, 0.9999999999999999, 1.0000000000000002, 1.0000000000000002, 1.0, 1.0, 0.9999999999999999, 1.0, 1.0, 1.0, 1.0, 1.0, 1.0, 1.0, 0.9999999999999999, 0.9999999999999999, 0.9999999999999999, 1.0, 1.0, 0.9999999999999998, 1.0000000000000002, 0.9999999999999999, 1.0, 1.0000000000000002, 0.9999999999999998, 1.0, 1.0, 1.0, 1.0, 1.0, 0.9999999999999999, 1.0, 0.9999999999999999, 1.0, 1.0, 0.9999999999999999, 1.0, 1.0, 1.0, 1.0, 0.9999999999999999, 1.0, 1.0000000000000002, 0.9999999999999999, 1.0, 1.0, 0.9999999999999999, 1.0, 0.9999999999999999, 1.0000000000000002, 1.0, 0.9999999999999999, 0.9999999999999999, 1.0, 1.0000000000000002, 1.0, 0.9999999999999999, 1.0, 1.0, 0.9999999999999999, 0.9999999999999999, 1.0, 1.0, 1.0, 1.0, 1.0, 0.9999999999999999, 0.9999999999999999, 1.0, 1.0, 1.0, 1.0, 1.0, 1.0, 0.9999999999999998, 1.0, 1.0, 0.9999999999999999, 1.0, 0.9999999999999999, 1.0, 1.0, 1.0, 0.9999999999999999, 1.0, 1.0, 1.0, 1.0, 1.0, 0.9999999999999998, 1.0, 1.0, 0.9999999999999999, 1.0, 0.9999999999999999, 1.0, 0.9999999999999999, 1.0, 1.0, 1.0, 1.0, 1.0, 1.0, 1.0, 0.9999999999999999, 1.0, 1.0, 1.0, 1.0, 1.0, 1.0, 0.9999999999999998, 1.0, 0.9999999999999998, 0.9999999999999999, 1.0, 1.0000000000000002, 0.9999999999999998, 1.0, 1.0, 1.0, 1.0, 1.0, 1.0, 0.9999999999999998, 0.9999999999999999, 1.0, 1.0, 1.0, 1.0, 1.0, 0.9999999999999999, 0.9999999999999998, 1.0, 0.9999999999999998, 1.0, 0.9999999999999999, 1.0, 1.0, 1.0, 1.0, 1.0, 1.0, 1.0, 1.0, 1.0, 1.0, 1.0, 1.0, 1.0, 1.0, 1.0, 1.0, 1.0, 1.0, 1.0, 1.0, 1.0, 0.9999999999999998, 0.9999999999999999, 1.0000000000000002, 1.0, 1.0, 1.0, 1.0, 1.0, 1.0, 1.0, 0.9999999999999998, 1.0, 1.0, 1.0, 1.0, 0.9999999999999999, 0.9999999999999998, 0.9999999999999999, 1.0, 1.0, 1.0, 0.9999999999999999, 0.9999999999999999, 1.0, 1.0, 1.0, 1.0, 1.0000000000000002, 1.0, 1.0, 1.0, 1.0, 1.0000000000000002, 1.0, 0.9999999999999999, 1.0, 1.0, 1.0, 1.0, 1.0, 0.9999999999999998, 1.0, 1.0, 0.9999999999999998, 0.9999999999999998, 1.0, 1.0, 0.9999999999999999, 1.0, 1.0, 0.9999999999999999, 0.9999999999999999, 1.0, 0.9999999999999998, 1.0, 1.0, 1.0, 1.0, 1.0, 1.0, 1.0, 1.0, 1.0, 1.0, 1.0, 0.9999999999999999, 0.9999999999999999, 1.0, 1.0, 1.0, 1.0, 0.9999999999999999, 1.0, 1.0, 1.0, 0.9999999999999999, 1.0, 1.0, 0.9999999999999999, 0.9999999999999999, 1.0, 1.0, 1.0, 1.0, 1.0, 0.9999999999999999, 0.9999999999999999, 0.9999999999999999, 1.0, 1.0, 1.0, 1.0, 1.0, 0.9999999999999999, 0.9999999999999999, 0.9999999999999999, 1.0, 1.0, 0.9999999999999999, 0.9999999999999999, 0.9999999999999999, 0.9999999999999999, 0.9999999999999999, 0.9999999999999999, 1.0, 1.0, 1.0, 1.0, 1.0, 0.9999999999999999, 0.9999999999999999, 0.9999999999999999, 0.9999999999999999, 1.0, 0.9999999999999999, 1.0, 0.9999999999999999, 1.0, 1.0, 1.0, 1.0, 1.0, 1.0, 1.0, 1.0, 0.9999999999999999, 1.0, 1.0, 1.0, 1.0, 1.0, 0.9999999999999999, 1.0, 0.9999999999999999, 1.0000000000000002, 1.0, 1.0, 0.9999999999999999, 1.0, 1.0, 1.0, 0.9999999999999999, 1.0, 0.9999999999999999, 1.0, 1.0, 0.9999999999999999, 0.9999999999999999, 1.0, 1.0, 0.9999999999999999, 0.9999999999999999, 1.0, 1.0, 1.0, 1.0, 1.0, 1.0, 0.9999999999999999, 1.0, 0.9999999999999999, 1.0, 1.0, 0.9999999999999999, 1.0, 1.0, 1.0, 1.0, 1.0, 0.9999999999999999, 1.0, 1.0, 1.0, 1.0, 0.9999999999999999, 0.9999999999999999, 1.0, 1.0, 0.9999999999999999, 0.9999999999999999, 1.0, 1.0, 0.9999999999999999, 1.0000000000000002, 1.0, 1.0, 1.0, 0.9999999999999997, 1.0000000000000002, 1.0, 0.9999999999999998, 1.0000000000000002, 1.0, 1.0, 1.0, 1.0, 1.0, 1.0, 0.9999999999999999, 0.9999999999999999, 1.0, 0.9999999999999999, 1.0, 0.9999999999999998, 0.9999999999999999, 1.0, 0.9999999999999999, 0.9999999999999999, 0.9999999999999999, 1.0, 1.0, 0.9999999999999998, 1.0, 1.0, 1.0, 1.0, 0.9999999999999998, 1.0, 1.0, 1.0, 0.9999999999999999, 1.0, 1.0, 1.0, 1.0, 1.0, 1.0, 1.0, 1.0, 0.9999999999999999, 1.0, 1.0, 1.0, 1.0, 0.9999999999999999, 1.0, 0.9999999999999999, 1.0, 0.9999999999999998, 1.0, 1.0000000000000002, 1.0, 1.0, 1.0, 1.0000000000000002, 1.0, 1.0, 0.9999999999999999, 0.9999999999999999, 0.9999999999999999, 1.0, 1.0, 1.0, 1.0, 0.9999999999999999, 1.0, 1.0, 1.0, 0.9999999999999999, 1.0, 1.0, 1.0, 1.0, 0.9999999999999999, 0.9999999999999998, 1.0, 1.0, 0.9999999999999999, 1.0, 0.9999999999999998, 0.9999999999999999, 0.9999999999999999, 1.0, 1.0, 0.9999999999999999, 0.9999999999999999, 0.9999999999999999, 1.0, 1.0, 0.9999999999999999, 0.9999999999999999, 0.9999999999999999, 1.0, 1.0, 1.0, 1.0, 0.9999999999999999, 1.0, 0.9999999999999999, 1.0, 0.9999999999999999, 1.0, 0.9999999999999999, 1.0, 1.0, 0.9999999999999999, 1.0000000000000002, 0.9999999999999999, 0.9999999999999999, 1.0, 0.9999999999999999, 1.0, 1.0, 0.9999999999999999, 0.9999999999999999, 0.9999999999999999, 1.0, 1.0, 0.9999999999999999, 1.0000000000000002, 1.0, 1.0, 0.9999999999999999, 0.9999999999999999, 0.9999999999999999, 1.0, 0.9999999999999999, 1.0, 1.0, 1.0000000000000002, 0.9999999999999999, 1.0, 1.0, 1.0, 0.9999999999999998, 1.0, 1.0000000000000002, 1.0, 1.0, 1.0, 0.9999999999999999, 0.9999999999999999, 0.9999999999999999, 0.9999999999999999, 0.9999999999999999, 0.9999999999999999, 1.0000000000000002, 0.9999999999999999, 0.9999999999999999, 1.0, 0.9999999999999999, 1.0, 0.9999999999999999, 0.9999999999999999, 0.9999999999999999, 1.0, 0.9999999999999999, 1.0, 1.0, 1.0, 1.0, 1.0, 1.0, 1.0, 1.0, 1.0, 1.0, 1.0, 1.0000000000000002, 0.9999999999999999, 1.0, 1.0, 1.0000000000000002, 1.0, 1.0, 1.0, 1.0, 1.0, 0.9999999999999999, 1.0, 1.0, 1.0, 0.9999999999999998, 0.9999999999999999, 0.9999999999999999, 1.0, 1.0, 1.0, 0.9999999999999999, 0.9999999999999999, 1.0, 1.0, 1.0000000000000002, 0.9999999999999998, 0.9999999999999999, 1.0, 0.9999999999999999, 0.9999999999999999, 0.9999999999999999, 1.0, 1.0, 1.0, 0.9999999999999999, 0.9999999999999999, 1.0, 1.0, 0.9999999999999999, 1.0, 1.0, 1.0, 1.0, 1.0, 1.0, 0.9999999999999999, 0.9999999999999999, 1.0, 1.0, 0.9999999999999999, 1.0, 0.9999999999999999, 1.0, 1.0, 1.0, 1.0, 1.0, 1.0, 1.0, 0.9999999999999999, 0.9999999999999999, 0.9999999999999998, 0.9999999999999999, 1.0, 0.9999999999999999, 0.9999999999999999, 1.0, 1.0, 1.0, 1.0, 1.0, 0.9999999999999999, 1.0, 1.0, 1.0, 0.9999999999999999, 1.0, 0.9999999999999999, 1.0, 1.0, 1.0, 0.9999999999999999, 1.0, 0.9999999999999999, 0.9999999999999999, 1.0, 1.0, 1.0, 0.9999999999999999, 1.0, 0.9999999999999998, 1.0, 1.0, 1.0, 1.0, 1.0, 1.0, 0.9999999999999999, 1.0, 1.0000000000000002, 0.9999999999999999, 1.0, 0.9999999999999999, 1.0, 0.9999999999999999, 0.9999999999999999, 0.9999999999999999, 1.0, 1.0, 1.0, 1.0, 1.0, 1.0000000000000002, 1.0, 1.0, 1.0, 1.0, 1.0, 0.9999999999999998, 1.0, 1.0000000000000002, 1.0, 0.9999999999999999, 1.0, 1.0, 1.0, 1.0, 1.0, 1.0, 0.9999999999999999, 1.0, 0.9999999999999999, 1.0, 1.0, 1.0, 0.9999999999999999, 1.0, 1.0, 1.0, 1.0, 1.0, 1.0, 0.9999999999999999, 0.9999999999999999, 1.0000000000000002, 1.0, 0.9999999999999999, 1.0, 0.9999999999999999, 0.9999999999999999, 0.9999999999999999, 1.0, 1.0, 1.0, 1.0, 1.0, 0.9999999999999999, 1.0, 1.0, 1.0, 1.0, 1.0, 1.0, 1.0, 0.9999999999999999, 1.0, 1.0, 1.0, 1.0, 1.0, 0.9999999999999999, 1.0, 1.0, 1.0, 1.0, 1.0, 0.9999999999999999, 1.0, 0.9999999999999999, 0.9999999999999999, 1.0, 1.0000000000000002, 0.9999999999999999, 1.0, 0.9999999999999999, 0.9999999999999999, 1.0, 0.9999999999999999, 1.0, 1.0, 0.9999999999999999, 1.0, 1.0, 0.9999999999999999, 1.0, 1.0, 0.9999999999999999, 0.9999999999999999, 1.0, 0.9999999999999999, 1.0, 0.9999999999999999, 1.0, 1.0, 1.0, 0.9999999999999999, 1.0, 1.0, 1.0, 1.0, 1.0000000000000002, 1.0, 1.0, 1.0, 1.0, 1.0, 1.0, 1.0, 1.0, 1.0, 1.0, 1.0, 1.0, 1.0, 1.0, 1.0, 1.0, 1.0, 1.0, 0.9999999999999999, 1.0, 1.0, 1.0, 1.0, 0.9999999999999999, 1.0, 1.0000000000000002, 1.0, 1.0, 1.0, 0.9999999999999999, 1.0, 1.0, 1.0000000000000002, 1.0, 1.0, 0.9999999999999999, 1.0, 1.0, 1.0, 1.0, 1.0, 1.0, 1.0, 1.0, 1.0000000000000002, 1.0, 1.0, 1.0, 1.0, 1.0, 0.9999999999999999, 1.0, 1.0, 1.0, 0.9999999999999999, 0.9999999999999999, 1.0, 0.9999999999999999, 1.0, 1.0, 1.0000000000000002, 1.0, 0.9999999999999999, 1.0, 1.0, 0.9999999999999998, 1.0, 0.9999999999999998, 0.9999999999999998, 1.0, 1.0, 0.9999999999999999, 1.0, 0.9999999999999999, 0.9999999999999999, 1.0, 1.0, 0.9999999999999999, 0.9999999999999999, 1.0, 1.0, 1.0, 1.0, 0.9999999999999999, 1.0, 1.0, 1.0, 1.0, 1.0, 1.0, 1.0, 0.9999999999999999, 1.0, 1.0000000000000002, 1.0, 1.0, 0.9999999999999999, 1.0, 0.9999999999999999, 0.9999999999999999, 1.0000000000000002, 1.0, 1.0, 1.0, 1.0, 0.9999999999999999, 0.9999999999999999, 1.0, 1.0, 1.0, 1.0, 1.0, 0.9999999999999999, 0.9999999999999998, 0.9999999999999998, 1.0, 0.9999999999999999, 1.0, 1.0, 1.0, 1.0, 1.0, 1.0, 0.9999999999999998, 1.0, 1.0, 1.0, 1.0, 1.0, 0.9999999999999998, 1.0, 1.0, 1.0, 1.0, 0.9999999999999999, 0.9999999999999999, 1.0, 0.9999999999999999, 1.0, 1.0, 1.0, 0.9999999999999998, 0.9999999999999999, 1.0, 1.0, 1.0, 1.0, 1.0, 1.0, 1.0, 1.0, 1.0000000000000002, 0.9999999999999999, 0.9999999999999999, 0.9999999999999998, 1.0, 1.0, 1.0, 0.9999999999999999, 0.9999999999999999, 1.0, 1.0, 1.0, 1.0, 1.0, 1.0, 1.0, 0.9999999999999999, 1.0, 1.0, 0.9999999999999999, 0.9999999999999999, 0.9999999999999999, 1.0, 1.0, 1.0000000000000002, 1.0, 1.0, 1.0, 1.0, 1.0, 1.0, 1.0, 0.9999999999999999, 1.0, 1.0, 0.9999999999999999, 1.0, 1.0, 1.0, 1.0, 1.0, 1.0, 1.0, 1.0, 0.9999999999999999, 1.0, 1.0, 1.0, 0.9999999999999999, 1.0, 0.9999999999999999, 1.0, 1.0, 0.9999999999999999, 1.0, 0.9999999999999999, 0.9999999999999999, 1.0, 1.0, 1.0000000000000002, 1.0, 1.0, 0.9999999999999999, 1.0, 1.0, 1.0, 1.0, 0.9999999999999999, 1.0, 1.0, 1.0, 1.0, 1.0, 1.0, 1.0, 0.9999999999999999, 0.9999999999999999, 1.0, 0.9999999999999999, 1.0, 0.9999999999999999, 1.0, 1.0, 0.9999999999999999, 1.0, 1.0, 0.9999999999999999, 1.0, 1.0, 1.0, 1.0, 1.0, 0.9999999999999999, 0.9999999999999998, 0.9999999999999999, 0.9999999999999999, 0.9999999999999999, 1.0, 1.0, 0.9999999999999999, 1.0, 0.9999999999999999, 1.0, 1.0, 0.9999999999999999, 1.0000000000000002, 0.9999999999999998, 1.0, 1.0, 0.9999999999999999, 1.0, 1.0, 0.9999999999999999, 0.9999999999999999, 0.9999999999999999, 1.0, 1.0, 1.0, 0.9999999999999999, 1.0000000000000002, 1.0, 1.0, 1.0, 1.0, 1.0, 0.9999999999999999, 0.9999999999999999, 0.9999999999999999, 0.9999999999999998, 1.0, 0.9999999999999999, 1.0, 0.9999999999999998, 1.0, 0.9999999999999999, 1.0, 1.0, 0.9999999999999999, 0.9999999999999999, 1.0, 1.0, 1.0, 1.0, 0.9999999999999999, 1.0, 1.0, 1.0, 0.9999999999999999, 1.0, 0.9999999999999999, 0.9999999999999998, 0.9999999999999999, 1.0, 1.0, 1.0, 0.9999999999999999, 1.0, 0.9999999999999999, 1.0, 1.0000000000000002, 1.0, 1.0, 0.9999999999999998, 1.0, 0.9999999999999999, 1.0, 1.0, 0.9999999999999999, 1.0, 1.0, 1.0, 0.9999999999999999, 0.9999999999999999, 1.0, 0.9999999999999999, 0.9999999999999999, 0.9999999999999999, 1.0, 0.9999999999999999, 1.0, 0.9999999999999999, 0.9999999999999998, 1.0, 1.0, 0.9999999999999998, 1.0, 1.0, 0.9999999999999999, 1.0000000000000002, 1.0, 1.0, 1.0, 1.0, 0.9999999999999999, 0.9999999999999998, 1.0000000000000002, 0.9999999999999999, 1.0, 1.0, 1.0, 1.0, 1.0, 0.9999999999999998, 1.0, 1.0000000000000002, 1.0, 1.0, 0.9999999999999999, 1.0, 1.0, 1.0, 0.9999999999999999, 0.9999999999999999, 0.9999999999999999, 0.9999999999999999, 0.9999999999999999, 1.0, 1.0, 1.0, 1.0, 1.0, 0.9999999999999999, 1.0, 1.0, 0.9999999999999999, 1.0, 1.0, 0.9999999999999999, 0.9999999999999999, 1.0, 1.0, 1.0, 1.0, 1.0, 1.0, 0.9999999999999999, 1.0, 1.0, 0.9999999999999999, 0.9999999999999999, 1.0, 0.9999999999999998, 1.0, 1.0, 1.0, 1.0, 0.9999999999999999, 1.0000000000000002, 0.9999999999999999, 1.0, 1.0, 0.9999999999999999, 1.0, 1.0, 1.0, 1.0, 1.0000000000000002, 1.0, 0.9999999999999999, 1.0, 1.0, 1.0000000000000002, 1.0000000000000002, 1.0000000000000002, 0.9999999999999999, 1.0, 1.0, 1.0, 1.0, 1.0, 0.9999999999999998, 1.0, 1.0, 0.9999999999999999, 0.9999999999999999, 1.0, 0.9999999999999999, 1.0, 1.0, 1.0, 1.0, 1.0000000000000002, 1.0, 1.0, 1.0, 0.9999999999999999, 1.0, 1.0, 0.9999999999999999, 1.0, 0.9999999999999999, 1.0, 0.9999999999999999, 0.9999999999999999, 0.9999999999999998, 1.0, 1.0, 1.0, 1.0, 1.0, 1.0, 1.0, 0.9999999999999999, 1.0000000000000002, 0.9999999999999999, 1.0000000000000002, 0.9999999999999999, 1.0, 1.0, 0.9999999999999999, 0.9999999999999999, 1.0, 1.0, 1.0, 1.0, 0.9999999999999999, 1.0, 1.0, 0.9999999999999999, 1.0, 0.9999999999999999, 1.0, 0.9999999999999999, 1.0, 1.0]","[0.001, 0.001, 0.001, 0.001, 0.001, 0.001, 0.001, 0.001, 0.001, 0.001, 0.001, 0.001, 0.001, 0.001, 0.001, 0.001, 0.001, 0.001, 0.001, 0.001, 0.001, 0.001, 0.001, 0.001, 0.001, 0.001, 0.001, 0.001, 0.001, 0.001, 0.001, 0.001, 0.001, 0.001, 0.001, 0.001, 0.001, 0.001, 0.001, 0.001, 0.001, 0.001, 0.001, 0.001, 0.001, 0.001, 0.001, 0.001, 0.001, 0.001, 0.001, 0.001, 0.001, 0.001, 0.001, 0.001, 0.001, 0.001, 0.001, 0.001, 0.001, 0.001, 0.001, 0.001, 0.001, 0.001, 0.001, 0.001, 0.001, 0.001, 0.001, 0.001, 0.001, 0.001, 0.001, 0.001, 0.001, 0.001, 0.001, 0.001, 0.001, 0.001, 0.001, 0.001, 0.001, 0.001, 0.001, 0.001, 0.001, 0.001, 0.001, 0.001, 0.001, 0.001, 0.001, 0.001, 0.001, 0.001, 0.001, 0.001, 0.001, 0.001, 0.001, 0.001, 0.001, 0.001, 0.001, 0.001, 0.001, 0.001, 0.001, 0.001, 0.001, 0.001, 0.001, 0.001, 0.001, 0.001, 0.001, 0.001, 0.001, 0.001, 0.001, 0.001, 0.001, 0.001, 0.001, 0.001, 0.001, 0.001, 0.001, 0.001, 0.001, 0.001, 0.001, 0.001, 0.001, 0.001, 0.001, 0.001, 0.001, 0.001, 0.001, 0.001, 0.001, 0.001, 0.001, 0.001, 0.001, 0.001, 0.001, 0.001, 0.001, 0.001, 0.001, 0.001, 0.001, 0.001, 0.001, 0.001, 0.001, 0.001, 0.001, 0.001, 0.001, 0.001, 0.001, 0.001, 0.001, 0.001, 0.001, 0.001, 0.001, 0.001, 0.001, 0.001, 0.001, 0.001, 0.001, 0.001, 0.001, 0.001, 0.001, 0.001, 0.001, 0.001, 0.001, 0.001, 0.001, 0.001, 0.001, 0.001, 0.001, 0.001, 0.001, 0.001, 0.001, 0.001, 0.001, 0.001, 0.001, 0.001, 0.001, 0.001, 0.001, 0.001, 0.001, 0.001, 0.001, 0.001, 0.001, 0.001, 0.001, 0.001, 0.001, 0.001, 0.001, 0.001, 0.001, 0.001, 0.001, 0.001, 0.001, 0.001, 0.001, 0.001, 0.001, 0.001, 0.001, 0.001, 0.001, 0.001, 0.001, 0.001, 0.001, 0.001, 0.001, 0.001, 0.001, 0.001, 0.001, 0.001, 0.001, 0.001, 0.001, 0.001, 0.001, 0.001, 0.001, 0.001, 0.001, 0.001, 0.001, 0.001, 0.001, 0.001, 0.001, 0.001, 0.001, 0.001, 0.001, 0.001, 0.001, 0.001, 0.001, 0.001, 0.001, 0.001, 0.001, 0.001, 0.001, 0.001, 0.001, 0.001, 0.001, 0.001, 0.001, 0.001, 0.001, 0.001, 0.001, 0.001, 0.001, 0.001, 0.001, 0.001, 0.001, 0.001, 0.001, 0.001, 0.001, 0.001, 0.001, 0.001, 0.001, 0.001, 0.001, 0.001, 0.001, 0.001, 0.001, 0.001, 0.001, 0.001, 0.001, 0.001, 0.001, 0.001, 0.001, 0.001, 0.001, 0.001, 0.001, 0.001, 0.001, 0.001, 0.001, 0.001, 0.001, 0.001, 0.001, 0.001, 0.001, 0.001, 0.001, 0.001, 0.001, 0.001, 0.001, 0.001, 0.001, 0.001, 0.001, 0.001, 0.001, 0.001, 0.001, 0.001, 0.001, 0.001, 0.001, 0.001, 0.001, 0.001, 0.001, 0.001, 0.001, 0.001, 0.001, 0.001, 0.001, 0.001, 0.001, 0.001, 0.001, 0.001, 0.001, 0.001, 0.001, 0.001, 0.001, 0.001, 0.001, 0.001, 0.001, 0.001, 0.001, 0.001, 0.001, 0.001, 0.001, 0.001, 0.001, 0.001, 0.001, 0.001, 0.001, 0.001, 0.001, 0.001, 0.001, 0.001, 0.001, 0.001, 0.001, 0.001, 0.001, 0.001, 0.001, 0.001, 0.001, 0.001, 0.001, 0.001, 0.001, 0.001, 0.001, 0.001, 0.001, 0.001, 0.001, 0.001, 0.001, 0.001, 0.001, 0.001, 0.001, 0.001, 0.001, 0.001, 0.001, 0.001, 0.001, 0.001, 0.001, 0.001, 0.001, 0.001, 0.001, 0.001, 0.001, 0.001, 0.001, 0.001, 0.001, 0.001, 0.001, 0.001, 0.001, 0.001, 0.001, 0.001, 0.001, 0.001, 0.001, 0.001, 0.001, 0.001, 0.001, 0.001, 0.001, 0.001, 0.001, 0.001, 0.001, 0.001, 0.001, 0.001, 0.001, 0.001, 0.001, 0.001, 0.001, 0.001, 0.001, 0.001, 0.001, 0.001, 0.001, 0.001, 0.001, 0.001, 0.001, 0.001, 0.001, 0.001, 0.001, 0.001, 0.001, 0.001, 0.001, 0.001, 0.001, 0.001, 0.001, 0.001, 0.001, 0.001, 0.001, 0.001, 0.001, 0.001, 0.001, 0.001, 0.001, 0.001, 0.001, 0.001, 0.001, 0.001, 0.001, 0.001, 0.001, 0.001, 0.001, 0.001, 0.001, 0.001, 0.001, 0.001, 0.001, 0.001, 0.001, 0.001, 0.001, 0.001, 0.001, 0.001, 0.001, 0.001, 0.001, 0.001, 0.001, 0.001, 0.001, 0.001, 0.001, 0.001, 0.001, 0.001, 0.001, 0.001, 0.001, 0.001, 0.001, 0.001, 0.001, 0.001, 0.001, 0.001, 0.001, 0.001, 0.001, 0.001, 0.001, 0.001, 0.001, 0.001, 0.001, 0.001, 0.001, 0.001, 0.001, 0.001, 0.001, 0.001, 0.001, 0.001, 0.001, 0.001, 0.001, 0.001, 0.001, 0.001, 0.001, 0.001, 0.001, 0.001, 0.001, 0.001, 0.001, 0.001, 0.001, 0.001, 0.001, 0.001, 0.001, 0.001, 0.001, 0.001, 0.001, 0.001, 0.001, 0.001, 0.001, 0.001, 0.001, 0.001, 0.001, 0.001, 0.001, 0.001, 0.001, 0.001, 0.001, 0.001, 0.001, 0.001, 0.001, 0.001, 0.001, 0.001, 0.001, 0.001, 0.001, 0.001, 0.001, 0.001, 0.001, 0.001, 0.001, 0.001, 0.001, 0.001, 0.001, 0.001, 0.001, 0.001, 0.001, 0.001, 0.001, 0.001, 0.001, 0.001, 0.001, 0.001, 0.001, 0.001, 0.001, 0.001, 0.001, 0.001, 0.001, 0.001, 0.001, 0.001, 0.001, 0.001, 0.001, 0.001, 0.001, 0.001, 0.001, 0.001, 0.001, 0.001, 0.001, 0.001, 0.001, 0.001, 0.001, 0.001, 0.001, 0.001, 0.001, 0.001, 0.001, 0.001, 0.001, 0.001, 0.001, 0.001, 0.001, 0.001, 0.001, 0.001, 0.001, 0.001, 0.001, 0.001, 0.001, 0.001, 0.001, 0.001, 0.001, 0.001, 0.001, 0.001, 0.001, 0.001, 0.001, 0.001, 0.001, 0.001, 0.001, 0.001, 0.001, 0.001, 0.001, 0.001, 0.001, 0.001, 0.001, 0.001, 0.001, 0.001, 0.001, 0.001, 0.001, 0.001, 0.001, 0.001, 0.001, 0.001, 0.001, 0.001, 0.001, 0.001, 0.001, 0.001, 0.001, 0.001, 0.001, 0.001, 0.001, 0.001, 0.001, 0.001, 0.001, 0.001, 0.001, 0.001, 0.001, 0.001, 0.001, 0.001, 0.001, 0.001, 0.001, 0.001, 0.001, 0.001, 0.001, 0.001, 0.001, 0.001, 0.001, 0.001, 0.001, 0.001, 0.001, 0.001, 0.001, 0.001, 0.001, 0.001, 0.001, 0.001, 0.001, 0.001, 0.001, 0.001, 0.001, 0.001, 0.001, 0.001, 0.001, 0.001, 0.001, 0.001, 0.001, 0.001, 0.001, 0.001, 0.001, 0.001, 0.001, 0.001, 0.001, 0.001, 0.001, 0.001, 0.001, 0.001, 0.001, 0.001, 0.001, 0.001, 0.001, 0.001, 0.001, 0.001, 0.001, 0.001, 0.001, 0.001, 0.001, 0.001, 0.001, 0.001, 0.001, 0.001, 0.001, 0.001, 0.001, 0.001, 0.001, 0.001, 0.001, 0.001, 0.001, 0.001, 0.001, 0.001, 0.001, 0.001, 0.001, 0.001, 0.001, 0.001, 0.001, 0.001, 0.001, 0.001, 0.001, 0.001, 0.001, 0.001, 0.001, 0.001, 0.001, 0.001, 0.001, 0.001, 0.001, 0.001, 0.001, 0.001, 0.001, 0.001, 0.001, 0.001, 0.001, 0.001, 0.001, 0.001, 0.001, 0.001, 0.001, 0.001, 0.001, 0.001, 0.001, 0.001, 0.001, 0.001, 0.001, 0.001, 0.001, 0.001, 0.001, 0.001, 0.001, 0.001, 0.001, 0.001, 0.001, 0.001, 0.001, 0.001, 0.001, 0.001, 0.001, 0.001, 0.001, 0.001, 0.001, 0.001, 0.001, 0.001, 0.001, 0.001, 0.001, 0.001, 0.001, 0.001, 0.001, 0.001, 0.001, 0.001, 0.001, 0.001, 0.001, 0.001, 0.001, 0.001, 0.001, 0.001, 0.001, 0.001, 0.001, 0.001, 0.001, 0.001, 0.001, 0.001, 0.001, 0.001, 0.001, 0.001, 0.001, 0.001, 0.001, 0.001, 0.001, 0.001, 0.001, 0.001, 0.001, 0.001, 0.001, 0.001, 0.001, 0.001, 0.001, 0.001, 0.001, 0.001, 0.001, 0.001, 0.001, 0.001, 0.001, 0.001, 0.001, 0.001, 0.001, 0.001, 0.001, 0.001, 0.001, 0.001, 0.001, 0.001, 0.001, 0.001, 0.001, 0.001, 0.001, 0.001, 0.001, 0.001, 0.001, 0.001, 0.001, 0.001, 0.001, 0.001, 0.001, 0.001, 0.001, 0.001, 0.001, 0.001, 0.001, 0.001, 0.001, 0.001, 0.001, 0.001, 0.001, 0.001, 0.001, 0.001, 0.001, 0.001, 0.001, 0.001, 0.001, 0.001, 0.001, 0.001, 0.001, 0.001, 0.001, 0.001, 0.001, 0.001, 0.001, 0.001, 0.001, 0.001, 0.001, 0.001, 0.001, 0.001, 0.001, 0.001, 0.001, 0.001, 0.001, 0.001, 0.001, 0.001, 0.001, 0.001, 0.001, 0.001, 0.001, 0.001, 0.001, 0.001, 0.001, 0.001, 0.001, 0.001, 0.001, 0.001, 0.001, 0.001, 0.001, 0.001, 0.001, 0.001, 0.001, 0.001, 0.001, 0.001, 0.001, 0.001, 0.001, 0.001, 0.001, 0.001, 0.001, 0.001, 0.001, 0.001, 0.001, 0.001, 0.001, 0.001, 0.001, 0.001, 0.001, 0.001, 0.001, 0.001, 0.001, 0.001, 0.001, 0.001, 0.001, 0.001, 0.001, 0.001, 0.001, 0.001, 0.001, 0.001, 0.001, 0.001, 0.001, 0.001, 0.001, 0.001, 0.001, 0.001, 0.001, 0.001, 0.001, 0.001, 0.001, 0.001, 0.001, 0.001, 0.001, 0.001, 0.001, 0.001, 0.001, 0.001, 0.001, 0.001, 0.001, 0.001, 0.001, 0.001, 0.001, 0.001, 0.001, 0.001, 0.001, 0.001, 0.001, 0.001, 0.001, 0.001, 0.001, 0.001, 0.001, 0.001, 0.001, 0.001, 0.001, 0.001, 0.001, 0.001, 0.001, 0.001, 0.001, 0.001, 0.001, 0.001, 0.001, 0.001, 0.001, 0.001, 0.001, 0.001, 0.001, 0.001, 0.001, 0.001, 0.001, 0.001, 0.001, 0.001, 0.001, 0.001, 0.001, 0.001, 0.001, 0.001, 0.001, 0.001, 0.001, 0.001, 0.001, 0.001, 0.001, 0.001, 0.001, 0.001, 0.001, 0.001, 0.001, 0.001, 0.001, 0.001, 0.001, 0.001, 0.001, 0.001, 0.001, 0.001, 0.001, 0.001, 0.001, 0.001, 0.001, 0.001, 0.001, 0.001, 0.001, 0.001, 0.001, 0.001, 0.001, 0.001, 0.001, 0.001, 0.001, 0.001, 0.001, 0.001, 0.001, 0.001, 0.001, 0.001, 0.001, 0.001, 0.001, 0.001, 0.001, 0.001, 0.001, 0.001, 0.001, 0.001, 0.001, 0.001, 0.001, 0.001, 0.001, 0.001, 0.001, 0.001, 0.001, 0.001, 0.001, 0.001, 0.001, 0.001, 0.001, 0.001, 0.001, 0.001, 0.001, 0.001, 0.001, 0.001, 0.001, 0.001, 0.001, 0.001, 0.001, 0.001, 0.001, 0.001, 0.001, 0.001, 0.001, 0.001, 0.001, 0.001, 0.001, 0.001, 0.001, 0.001, 0.001, 0.001, 0.001, 0.001, 0.001, 0.001, 0.001, 0.001, 0.001, 0.001, 0.001, 0.001, 0.001, 0.001, 0.001, 0.001, 0.001, 0.001, 0.001, 0.001, 0.001, 0.001, 0.001, 0.001, 0.001, 0.001, 0.001, 0.001, 0.001, 0.001, 0.001, 0.001, 0.001, 0.001, 0.001, 0.001, 0.001, 0.001, 0.001, 0.001, 0.001, 0.001, 0.001, 0.001, 0.001, 0.001, 0.001, 0.001, 0.001, 0.001, 0.001, 0.001, 0.001, 0.001, 0.001, 0.001, 0.001, 0.001, 0.001, 0.001, 0.001, 0.001, 0.001, 0.001, 0.001, 0.001, 0.001, 0.001, 0.001, 0.001, 0.001, 0.001, 0.001, 0.001, 0.001, 0.001, 0.001, 0.001, 0.001, 0.001, 0.001, 0.001, 0.001, 0.001, 0.001, 0.001, 0.001, 0.001, 0.001, 0.001, 0.001, 0.001, 0.001, 0.001, 0.001, 0.001, 0.001, 0.001, 0.001, 0.001, 0.001, 0.001, 0.001, 0.001, 0.001, 0.001, 0.001, 0.001, 0.001, 0.001, 0.001, 0.001, 0.001, 0.001, 0.001, 0.001, 0.001, 0.001, 0.001, 0.001, 0.001, 0.001, 0.001, 0.001, 0.001, 0.001, 0.001, 0.001, 0.001, 0.001, 0.001, 0.001, 0.001, 0.001, 0.001, 0.001, 0.001, 0.001, 0.001, 0.001, 0.001, 0.001, 0.001, 0.001, 0.001, 0.001, 0.001, 0.001, 0.001, 0.001, 0.001, 0.001, 0.001, 0.001, 0.001, 0.001, 0.001, 0.001, 0.001, 0.001, 0.001, 0.001, 0.001, 0.001, 0.001, 0.001, 0.001, 0.001, 0.001, 0.001, 0.001, 0.001, 0.001, 0.001, 0.001, 0.001, 0.001, 0.001, 0.001, 0.001, 0.001, 0.001, 0.001, 0.001, 0.001, 0.001, 0.001, 0.001, 0.001, 0.001, 0.001, 0.001, 0.001, 0.001, 0.001, 0.001, 0.001, 0.001, 0.001, 0.001, 0.001, 0.001, 0.001, 0.001, 0.001, 0.001, 0.001, 0.001, 0.001, 0.001, 0.001, 0.001, 0.001, 0.001, 0.001, 0.001, 0.001, 0.001, 0.001, 0.001, 0.001, 0.001, 0.001, 0.001, 0.001, 0.001, 0.001, 0.001, 0.001, 0.001, 0.001, 0.001, 0.001, 0.001, 0.001, 0.001, 0.001, 0.001, 0.001, 0.001, 0.001, 0.001, 0.001, 0.001, 0.001, 0.001, 0.001, 0.001, 0.001, 0.001, 0.001, 0.001, 0.001, 0.001, 0.001, 0.001, 0.001, 0.001, 0.001, 0.001, 0.001, 0.001, 0.001, 0.001, 0.001, 0.001, 0.001, 0.001, 0.001, 0.001, 0.001, 0.001, 0.001, 0.001, 0.001, 0.001, 0.001, 0.001, 0.001, 0.001, 0.001, 0.001, 0.001, 0.001, 0.001, 0.001, 0.001, 0.001, 0.001, 0.001]"
